3.0438	-4.77187	-4.994	-0.448392	4.85447	-4.83051	-1.18896	7.97134	8.58192	-4.71072	
2.68962	-4.93349	-3.88029	-0.402473	4.80171	-4.22498	-0.466344	7.9179	8.70762	-3.44498	
2.26837	-5.6287	-3.68597	-0.534493	4.79582	-3.98652	-0.37587	7.86944	8.81966	-2.82336	
2.24086	-6.04531	-3.53601	-0.652989	4.78837	-3.91925	-0.567555	7.81891	8.91915	-2.3818	
2.31537	-6.46996	-3.62098	-0.66135	4.67421	-4.24054	-0.664037	7.75342	9.00641	-2.11613	
2.31032	-6.70378	-3.71822	-0.800479	4.75344	-4.24759	-0.724396	7.6948	9.08124	-1.93858	
2.31931	-6.65516	-3.77802	-0.912536	4.98647	-4.13714	-0.745751	7.62038	9.15113	-1.79059	
2.07998	-6.49907	-3.614	-0.853526	5.17283	-4.08858	-0.682344	7.54797	9.21	-1.6754	
2.32653	-6.50656	-3.66848	-1.03914	4.86019	-4.08688	-0.643106	7.50188	9.26505	-1.56628	
2.17535	-6.05257	-3.53794	-1.04571	4.79647	-3.8946	-0.699263	7.42015	9.31324	-1.47912	
1.92626	-5.89427	-3.46261	-0.954364	4.87404	-3.81628	-0.681434	7.34237	9.35874	-1.42128	
1.82248	-5.69159	-3.38722	-0.95579	4.85724	-3.69521	-0.69081	7.27223	9.40901	-1.36067	
1.90693	-5.37183	-3.15856	-0.819725	4.9357	-3.60629	-0.705395	7.23884	9.44517	-1.31881	
1.96538	-5.23183	-3.12473	-0.960401	5.00877	-3.58283	-0.70989	7.21214	9.47827	-1.27079	
1.84006	-5.18743	-3.07529	-0.947684	5.0442	-3.60518	-0.740187	7.11768	9.51249	-1.2327	
1.69856	-5.25679	-3.18726	-1.10101	4.99685	-3.61952	-0.759378	7.0266	9.54559	-1.1887	
1.64628	-5.15661	-3.02138	-0.909809	5.05852	-3.51369	-0.800332	6.93607	9.57992	-1.14844	
1.88567	-4.99638	-2.94544	-0.86588	5.05536	-3.36116	-0.765554	6.96234	9.61136	-1.10196	
1.87149	-4.91671	-2.92127	-0.833179	4.98171	-3.32536	-0.745498	6.99339	9.64733	-1.05263	
1.64954	-4.7904	-2.84673	-0.850328	5.00144	-3.28018	-0.708218	6.92215	9.68105	-1.00093	
1.65508	-4.79801	-2.84829	-0.807958	5.33681	-3.28482	-0.659573	6.84715	9.70908	-0.97512	
1.56251	-4.76036	-2.76471	-0.699914	5.37054	-3.25482	-0.63893	6.79995	9.73968	-0.956753	
1.48723	-4.68814	-2.66767	-0.606692	5.4157	-3.22607	-0.624649	6.76555	9.77206	-0.934053	
1.49022	-4.58325	-2.47185	-0.417776	5.54702	-3.28224	-0.689787	6.72802	9.79744	-0.932482	
1.91839	-4.45563	-2.25362	-0.240734	5.67729	-3.34599	-0.789333	6.90863	9.80551	-0.950195	
2.0462	-4.34437	-2.10317	-0.117938	5.6942	-3.40814	-0.863575	6.93645	9.81901	-0.964204	
1.93017	-4.22815	-1.93224	-0.0219929	5.14821	-3.56353	-0.951273	6.84913	9.85238	-0.961751	
2.136	-4.07022	-1.82833	0.0192327	5.31778	-3.43211	-0.925197	6.9169	9.88193	-0.954664	
2.19727	-3.88031	-1.98219	-0.206963	5.32694	-3.06933	-0.513744	7.02228	9.91063	-0.91941	
2.23385	-3.86759	-1.90023	-0.181792	5.46302	-3.07789	-0.501707	7.09242	9.93775	-0.91046	
2.32648	-3.69202	-1.81528	-0.209595	5.58698	-2.87704	-0.462912	7.12734	9.96395	-0.888516	
2.08181	-3.65722	-1.76411	-0.173617	5.66276	-2.89425	-0.464016	7.04886	9.9893	-0.881698	
1.98399	-3.60967	-1.68127	-0.116021	5.65222	-2.93421	-0.497974	6.97028	10.0134	-0.884418	
2.21568	-3.55274	-1.59772	-0.0504301	5.76857	-2.97159	-0.546379	7.00755	10.0407	-0.887994	
2.21218	-3.46411	-1.46225	-0.00211491	6.08715	-2.97406	-0.604027	7.03549	10.0599	-0.893284	
2.35087	-3.35682	-1.42386	-0.0828094	6.11041	-2.81191	-0.490351	7.11879	10.0899	-0.858899	
2.44216	-3.24056	-1.4292	-0.282583	5.84121	-2.72919	-0.358882	7.19581	10.1198	-0.760329	
2.28644	-3.07403	-1.2136	-0.302959	5.8109	-2.7773	-0.433315	7.1547	10.1391	-0.731452	
2.4954	-2.94577	-1.11967	-0.338292	5.70571	-2.73324	-0.431615	7.20986	10.1606	-0.713952	
2.62195	-2.86878	-1.01809	-0.3173	5.70285	-2.78586	-0.483301	7.29118	10.1804	-0.708976	
2.66824	-2.80794	-0.936562	-0.282167	5.94837	-2.80999	-0.541348	7.33601	10.1919	-0.715716	
2.68147	-2.73705	-0.83038	-0.23853	5.95391	-2.88836	-0.63229	7.31035	10.2053	-0.722677	
2.70006	-2.66632	-0.780225	-0.239081	5.83013	-2.8658	-0.649993	7.27751	10.2208	-0.721487	
2.79061	-2.56484	-0.74353	-0.294449	5.85728	-2.75826	-0.623007	7.24614	10.2357	-0.686151	
2.88182	-2.46295	-0.657224	-0.31372	5.95763	-2.78157	-0.672639	7.2641	10.249	-0.669363	
2.90414	-2.41544	-0.599906	-0.297458	5.95701	-2.82807	-0.72762	7.28071	10.2629	-0.669148	
2.94117	-2.36941	-0.53645	-0.262885	5.9078	-2.90312	-0.812087	7.3171	10.2772	-0.675058	
3.11226	-2.32395	-0.481174	-0.233639	6.17952	-2.94071	-0.897744	7.31214	10.2876	-0.686407	
3.18317	-2.26024	-0.393733	-0.206316	6.41256	-3.02526	-1.05258	7.31821	10.3002	-0.694668	
3.34808	-2.21528	-0.34129	-0.188065	6.34491	-3.11572	-1.15243	7.38395	10.3176	-0.696604	
3.41188	-2.15841	-0.306429	-0.198935	6.32523	-3.08313	-1.17338	7.4139	10.3376	-0.689596	
3.46449	-2.08637	-0.326988	-0.276167	6.15243	-2.85056	-0.967004	7.44949	10.3573	-0.664031	
3.54947	-1.99147	-0.343677	-0.381946	6.16521	-2.62716	-0.792322	7.52214	10.3762	-0.634118	
3.64249	-1.92146	-0.358283	-0.470052	5.97508	-2.50534	-0.666625	7.55826	10.3981	-0.605761	
3.69284	-1.85461	-0.369492	-0.553699	5.98148	-2.38341	-0.584352	7.60323	10.4153	-0.582608	
3.67739	-1.79533	-0.365341	-0.621045	5.94616	-2.33787	-0.543431	7.60639	10.4328	-0.560597	
3.66901	-1.76912	-0.381712	-0.694103	5.99676	-2.2957	-0.492635	7.60747	10.4494	-0.545915	
3.73313	-1.72726	-0.336196	-0.678211	6.26755	-2.31284	-0.547685	7.6176	10.4624	-0.545532	
3.77337	-1.662	-0.244219	-0.66304	6.12685	-2.43435	-0.675918	7.57532	10.4805	-0.542819	
3.83421	-1.61054	-0.170021	-0.65043	6.20263	-2.53931	-0.802639	7.55624	10.4915	-0.544921	
3.88647	-1.58057	-0.132795	-0.649139	5.91322	-2.62709	-0.870353	7.5397	10.5116	-0.540208	
3.87642	-1.57084	-0.151321	-0.70464	6.0565	-2.5386	-0.799617	7.50775	10.5227	-0.529028	
3.89548	-1.54635	-0.157179	-0.756068	5.86074	-2.50812	-0.763222	7.47431	10.5424	-0.514011	
3.9167	-1.54189	-0.155478	-0.769523	5.87454	-2.51598	-0.756681	7.43597	10.5601	-0.510558	
3.93075	-1.52538	-0.135852	-0.764039	5.86986	-2.54516	-0.791193	7.38296	10.5787	-0.508456	
3.92736	-1.50865	-0.111629	-0.754896	6.10128	-2.57095	-0.840099	7.31704	10.5982	-0.508553	
3.95752	-1.48987	-0.0850777	-0.746796	6.38837	-2.59667	-0.897957	7.28994	10.6192	-0.511835	
4.02357	-1.46797	-0.0619647	-0.75013	6.22302	-2.64596	-0.946688	7.24198	10.6311	-0.51617	
4.01122	-1.4651	-0.0753841	-0.789046	6.08263	-2.59823	-0.890646	7.19987	10.6487	-0.509423	
4.02731	-1.4589	-0.0915311	-0.848508	6.14469	-2.49748	-0.82775	7.15171	10.6706	-0.493491	
4.0545	-1.44299	-0.0645522	-0.84305	6.04443	-2.57404	-0.886629	7.09086	10.6887	-0.492128	
4.09466	-1.42339	-0.041018	-0.856151	6.02489	-2.61472	-0.929882	7.07002	10.7116	-0.493592	
4.12122	-1.41641	-0.0548322	-0.914824	6.13532	-2.50745	-0.86012	7.04938	10.7339	-0.487085	
4.14103	-1.40309	-0.0811239	-0.993411	6.14055	-2.37809	-0.783368	7.02592	10.7527	-0.475193	
4.12874	-1.39474	-0.125339	-1.09806	6.1686	-2.25139	-0.677715	6.99338	10.7733	-0.456723	
4.10289	-1.37857	-0.170201	-1.21661	5.90621	-2.15851	-0.59576	6.97392	10.796	-0.435375	
4.09005	-1.34841	-0.19844	-1.33267	5.94368	-2.08562	-0.557008	6.91197	10.818	-0.415617	
4.09307	-1.29859	-0.183879	-1.42183	5.81824	-2.09759	-0.581104	6.84815	10.8408	-0.402327	
4.09264	-1.26457	-0.20748	-1.55227	6.02251	-2.05326	-0.556868	6.79346	10.8566	-0.389588	
4.09477	-1.24465	-0.237734	-1.69541	6.13541	-2.00678	-0.534862	6.77122	10.8731	-0.375579	
4.19472	-1.18826	-0.149041	-1.70093	6.20595	-2.13357	-0.670162	6.75218	10.8905	-0.376313	
4.25817	-1.15891	-0.114549	-1.74832	6.2525	-2.174	-0.734419	6.83277	10.9122	-0.373637	
4.34379	-1.12705	-0.063911	-1.76772	6.47009	-2.26168	-0.836465	6.8975	10.928	-0.377212	
4.40779	-1.10692	-0.0322331	-1.79567	6.34002	-2.34025	-0.908822	6.98367	10.9434	-0.378631	
4.38974	-1.13989	-0.0775813	-1.88831	6.30031	-2.24882	-0.811146	7.05092	10.9577	-0.375523	
4.40939	-1.1353	-0.0651241	-1.91382	6.51635	-2.26541	-0.839005	7.1193	10.9705	-0.378943	
4.44081	-1.13587	-0.063609	-1.94955	6.46233	-2.27766	-0.845985	7.15383	10.9879	-0.378671	
4.47583	-1.12712	-0.0485745	-1.97781	6.66889	-2.29631	-0.884751	7.18622	10.9989	-0.38217	
4.40729	-1.1908	-0.111989	-2.0869	6.79154	-2.21215	-0.771617	7.15448	11.0103	-0.384413	
4.44222	-1.18285	-0.0928553	-2.11403	6.85354	-2.24486	-0.821025	7.12317	11.0237	-0.384985	
4.46007	-1.17015	-0.0719301	-2.11151	6.73872	-2.29995	-0.866679	7.07241	11.0411	-0.385045	
4.50794	-1.15658	-0.0511819	-2.10804	6.69095	-2.34828	-0.914611	7.07889	11.0559	-0.386891	
4.52884	-1.14409	-0.0315575	-2.10579	6.65461	-2.3972	-0.963393	7.10004	11.0708	-0.38757	
4.56431	-1.13279	-0.0135511	-2.10785	6.79744	-2.42881	-1.01252	7.12163	11.0817	-0.390881	
4.58326	-1.12561	-0.00147198	-2.11521	6.64034	-2.4768	-1.04744	7.11138	11.0968	-0.389406	
4.55831	-1.19794	-0.0794609	-2.22503	6.63318	-2.34025	-0.870016	7.1907	11.1061	-0.39059	
4.57606	-1.20926	-0.0922199	-2.27983	6.81414	-2.30482	-0.85305	7.32249	11.1127	-0.393744	
4.54419	-1.23764	-0.137169	-2.39188	6.43359	-2.25733	-0.785897	7.40845	11.124	-0.387755	
4.53269	-1.2693	-0.191619	-2.51962	6.45269	-2.17738	-0.71674	7.47611	11.1325	-0.383684	
4.49261	-1.31953	-0.254916	-2.65627	6.5847	-2.08786	-0.63385	7.46807	11.1349	-0.386708	
4.44502	-1.37495	-0.317908	-2.7985	6.83118	-2.00517	-0.565941	7.48287	11.127	-0.400304	
4.4598	-1.39811	-0.344785	-2.87291	6.55129	-1.99786	-0.54346	7.47831	11.1169	-0.417802	
4.44936	-1.40649	-0.349177	-2.89306	6.5067	-1.99684	-0.538601	7.4751	11.1062	-0.439576	
4.4865	-1.40824	-0.350165	-2.91066	6.15777	-2.00793	-0.538316	7.48821	11.1099	-0.447929	
4.42581	-1.41454	-0.350316	-2.92824	6.34951	-2.00403	-0.539118	7.50253	11.1176	-0.461806	
4.48123	-1.38991	-0.315254	-2.93299	6.51081	-2.03732	-0.583746	7.51622	11.1195	-0.479389	
4.3533	-1.59305	-0.52703	-3.21093	6.45833	-1.87488	-0.39731	7.56358	11.1193	-0.492721	
4.36094	-1.58236	-0.497351	-3.21878	6.57939	-1.89793	-0.425752	7.59006	11.1305	-0.499468	
4.37308	-1.56028	-0.462529	-3.21976	6.16005	-1.94566	-0.459852	7.59668	11.1483	-0.499457	
4.39041	-1.54454	-0.438571	-3.21914	6.2471	-1.96765	-0.484761	7.58316	11.1637	-0.502436	
4.42919	-1.52587	-0.411593	-3.2167	6.25934	-1.99572	-0.513848	7.58674	11.1798	-0.504502	
4.45243	-1.50928	-0.386545	-3.21613	6.26291	-2.02388	-0.542797	7.58613	11.1932	-0.508528	
4.48603	-1.49574	-0.3675	-3.21695	6.24156	-2.04753	-0.5661	7.56238	11.2067	-0.512117	
4.4962	-1.48286	-0.348334	-3.21562	6.34206	-2.06796	-0.590103	7.54121	11.2197	-0.517011	
4.51632	-1.47111	-0.330338	-3.21403	6.39112	-2.08991	-0.613567	7.56973	11.2365	-0.521692	
4.55139	-1.46347	-0.317751	-3.21903	6.41106	-2.10682	-0.631589	7.59388	11.2538	-0.525851	
4.56449	-1.4522	-0.30209	-3.21807	6.35788	-2.13016	-0.653588	7.60296	11.2675	-0.532214	
4.59807	-1.43973	-0.285604	-3.21718	6.19684	-2.15905	-0.677695	7.60356	11.2882	-0.532682	
4.6542	-1.40967	-0.245887	-3.21627	6.05175	-2.22276	-0.739852	7.59725	11.3088	-0.532873	
4.67115	-1.38662	-0.213975	-3.21895	6.37485	-2.26514	-0.796026	7.58065	11.3255	-0.535779	
4.69135	-1.37979	-0.209111	-3.24504	6.4121	-2.27365	-0.814972	7.60156	11.3435	-0.535653	
4.70037	-1.39694	-0.232074	-3.28332	6.64946	-2.23197	-0.785154	7.67149	11.3592	-0.537006	
4.66025	-1.43876	-0.283786	-3.35853	6.60308	-2.16969	-0.717971	7.75411	11.3752	-0.537623	
4.67456	-1.44633	-0.29565	-3.38786	6.64098	-2.15412	-0.706332	7.84811	11.392	-0.535956	
4.68519	-1.44537	-0.296075	-3.40957	6.59436	-2.15644	-0.709758	7.93334	11.4106	-0.530929	
4.69556	-1.43592	-0.285477	-3.41023	6.40292	-2.17836	-0.726359	8.01117	11.4313	-0.528243	
4.69712	-1.43558	-0.282973	-3.42057	6.31761	-2.18623	-0.73237	8.09497	11.4501	-0.526661	
4.71855	-1.42661	-0.27106	-3.4267	6.28596	-2.20611	-0.751969	8.17168	11.4695	-0.526777	
4.75352	-1.41304	-0.255547	-3.4573	6.40004	-2.22321	-0.780667	8.24417	11.4875	-0.527102	
4.77624	-1.41872	-0.266839	-3.52155	6.41579	-2.21097	-0.772005	8.32649	11.5056	-0.525804	
4.82755	-1.38998	-0.230113	-3.53108	6.60371	-2.26638	-0.837697	8.38114	11.5219	-0.528013	
4.85136	-1.36807	-0.199475	-3.5404	6.53797	-2.32769	-0.898137	8.43398	11.5405	-0.528942	
4.89399	-1.35045	-0.176267	-3.54246	6.69233	-2.36705	-0.94693	8.49431	11.5533	-0.532179	
4.92118	-1.33517	-0.156016	-3.54376	6.38079	-2.4236	-0.992348	8.5551	11.567	-0.531756	
4.95452	-1.31881	-0.134631	-3.54431	6.42005	-2.47172	-1.04367	8.61219	11.578	-0.533582	
5.02885	-1.30258	-0.114493	-3.54444	6.47418	-2.5196	-1.09557	8.65352	11.5887	-0.535639	
5.03779	-1.28824	-0.0956002	-3.54458	6.40612	-2.57315	-1.14786	8.69619	11.6006	-0.536678	
5.05747	-1.2783	-0.0825548	-3.5449	6.44062	-2.6087	-1.18624	8.74263	11.6114	-0.538559	
5.07195	-1.2649	-0.0650577	-3.54533	6.44146	-2.66145	-1.24099	8.75869	11.6224	-0.54006	
5.06814	-1.25779	-0.0554492	-3.5458	5.79869	-2.71539	-1.27283	8.77281	11.6366	-0.538226	
5.13669	-1.25217	-0.0489549	-3.5464	5.65218	-2.74102	-1.29513	8.76572	11.6487	-0.53841	
5.17457	-1.24761	-0.0437728	-3.5477	5.75501	-2.75971	-1.31334	8.72528	11.6679	-0.538822	
5.15453	-1.24101	-0.0344652	-3.54929	5.62808	-2.79598	-1.34714	8.66411	11.6882	-0.538585	
5.1432	-1.22861	-0.0178776	-3.55068	5.66663	-2.8577	-1.41127	8.60667	11.7053	-0.539843	
5.16416	-1.21753	-0.00336852	-3.55241	5.62018	-2.91753	-1.47189	8.56493	11.7211	-0.539935	
5.16793	-1.20809	0.0090823	-3.5545	5.7203	-2.9705	-1.52781	8.52735	11.7354	-0.54264	
5.15672	-1.20184	0.0177043	-3.55618	5.85229	-3.0087	-1.56899	8.53107	11.7537	-0.545363	
5.19255	-1.19596	0.0248784	-3.55781	5.81114	-3.04644	-1.60491	8.52301	11.7771	-0.547134	
5.17781	-1.1922	0.0300663	-3.55887	5.98802	-3.06689	-1.63187	8.52539	11.7981	-0.55083	
5.1991	-1.1867	0.0368402	-3.55969	5.93343	-3.10461	-1.66839	8.51626	11.8193	-0.55386	
5.23128	-1.17286	0.0538291	-3.56081	5.86028	-3.20449	-1.76746	8.50872	11.8448	-0.555883	
5.27083	-1.15983	0.0696179	-3.56235	5.87883	-3.29899	-1.87109	8.49829	11.8603	-0.556712	
5.2464	-1.16106	0.0695324	-3.57049	6.19397	-3.28205	-1.87123	8.48045	11.8719	-0.559765	
5.22729	-1.1861	0.0406454	-3.61593	6.32054	-3.10132	-1.70434	8.46468	11.8844	-0.559449	
5.24742	-1.20423	0.0184035	-3.65647	6.43254	-2.98553	-1.59842	8.46176	11.8997	-0.557821	
5.22314	-1.22309	-0.00653857	-3.70544	6.51679	-2.87169	-1.49645	8.44708	11.915	-0.55667	
5.2	-1.24099	-0.0313613	-3.75511	6.65503	-2.77573	-1.40947	8.42885	11.9294	-0.55584	
5.2345	-1.23103	-0.0195101	-3.76493	6.36994	-2.83761	-1.46068	8.41467	11.9463	-0.554812	
5.24136	-1.23977	-0.0306953	-3.81143	6.43199	-2.79862	-1.42442	8.41107	11.9577	-0.554357	
5.3029	-1.22416	-0.0118156	-3.81757	6.41872	-2.87852	-1.50564	8.37608	11.9678	-0.554762	
5.29473	-1.21717	-0.00291937	-3.81955	6.3744	-2.92073	-1.5473	8.35483	11.9755	-0.556966	
5.28984	-1.20695	0.00964728	-3.82025	6.19735	-2.98759	-1.60867	8.36275	11.986	-0.558027	
5.3363	-1.20024	0.0174156	-3.82186	6.53372	-3.0137	-1.64942	8.38255	11.9962	-0.560207	
5.35137	-1.19599	0.0229436	-3.8276	6.01192	-3.06678	-1.68127	8.35814	12.01	-0.559168	
5.34667	-1.19614	0.024188	-3.83576	6.01247	-3.07865	-1.69041	8.31304	12.0197	-0.561266	
5.37792	-1.1877	0.0341748	-3.83732	5.96527	-3.13658	-1.74845	8.25111	12.0289	-0.563771	
5.38786	-1.17922	0.0444597	-3.83819	6.12375	-3.19474	-1.81216	8.18083	12.0394	-0.56723	
5.39537	-1.16777	0.0582602	-3.83818	6.12578	-3.28396	-1.90535	8.084	12.0487	-0.571504	
5.39999	-1.16175	0.0655342	-3.83822	6.12638	-3.33686	-1.9588	8.02308	12.0632	-0.572445	
5.41386	-1.15814	0.0701006	-3.84088	6.16789	-3.36957	-1.99451	7.98326	12.0751	-0.57361	
5.41868	-1.16372	0.0654143	-3.86219	6.9638	-3.29123	-1.96124	7.9554	12.0806	-0.579244	
5.43247	-1.15973	0.0708028	-3.86501	7.04181	-3.32381	-2.00358	7.92607	12.0874	-0.582582	
5.43977	-1.16888	0.0619975	-3.88537	7.05994	-3.26904	-1.94051	7.91841	12.0962	-0.583327	
5.43556	-1.19285	0.0371447	-3.92422	6.96594	-3.13304	-1.78165	7.89394	12.1056	-0.582991	
5.42733	-1.21009	0.0194642	-3.95879	7.37968	-3.01513	-1.69322	7.85912	12.1082	-0.587139	
5.43676	-1.20899	0.02166	-3.96414	7.15669	-3.04972	-1.70743	7.84317	12.1118	-0.590567	
5.43478	-1.2056	0.0262951	-3.96727	7.29479	-3.06405	-1.735	7.82656	12.1119	-0.59757	
5.45337	-1.19658	0.0371884	-3.96827	7.30223	-3.1234	-1.801	7.8115	12.1117	-0.604617	
5.47813	-1.19977	0.0352732	-3.98795	7.17503	-3.1283	-1.79049	7.79329	12.1136	-0.609494	
5.44788	-1.23935	-0.00512682	-4.04217	7.35532	-2.9229	-1.57621	7.80812	12.1119	-0.6163	
5.45685	-1.24323	-0.00766214	-4.05809	7.44831	-2.9062	-1.56594	7.81381	12.1151	-0.617849	
5.45678	-1.25559	-0.0187726	-4.08725	7.71145	-2.83935	-1.51818	7.82127	12.1158	-0.621652	
5.4672	-1.25046	-0.0110307	-4.09783	7.49868	-2.89571	-1.55481	7.79102	12.1218	-0.620481	
5.46953	-1.25896	-0.0183237	-4.12431	7.18829	-2.89409	-1.5242	7.76073	12.1284	-0.618408	
5.47183	-1.27807	-0.037178	-4.16348	7.3813	-2.81081	-1.44778	7.7145	12.1304	-0.620597	
5.45631	-1.29617	-0.0544934	-4.201	7.47929	-2.74566	-1.38371	7.67867	12.1331	-0.622127	
5.44334	-1.32865	-0.0873126	-4.25842	7.58012	-2.63694	-1.27281	7.69129	12.1355	-0.623055	
5.42355	-1.36778	-0.128577	-4.33695	7.17067	-2.55744	-1.16031	7.70214	12.1434	-0.618733	
5.39092	-1.40126	-0.163347	-4.4243	7.33536	-2.47575	-1.08626	7.72423	12.1461	-0.619487	
5.41118	-1.39436	-0.152974	-4.46077	7.3546	-2.50742	-1.12179	7.74059	12.1495	-0.620132	
5.47529	-1.37058	-0.124463	-4.46164	7.39358	-2.58078	-1.20131	7.74531	12.1518	-0.622628	
5.4968	-1.34661	-0.0954733	-4.46184	7.41838	-2.66421	-1.29168	7.73108	12.1549	-0.624398	
5.51518	-1.33423	-0.0805879	-4.46233	8.06517	-2.65009	-1.3427	7.7167	12.1502	-0.633945	
5.5546	-1.32735	-0.0703563	-4.48326	8.25167	-2.66266	-1.38533	7.79159	12.1489	-0.639804	
5.53641	-1.3629	-0.10449	-4.54146	8.249	-2.57776	-1.28178	7.86756	12.1516	-0.641137	
5.46884	-1.42693	-0.170131	-4.64385	8.06571	-2.46021	-1.12192	7.9027	12.1538	-0.642146	
5.44926	-1.45629	-0.196596	-4.70456	7.55728	-2.44621	-1.0607	7.91019	12.1616	-0.638038	
5.4638	-1.45427	-0.190932	-4.72388	7.86393	-2.43909	-1.07496	7.90099	12.1586	-0.645637	
5.51449	-1.42649	-0.156944	-4.73448	7.43279	-2.55096	-1.16265	7.9621	12.1655	-0.643567	
5.48187	-1.48026	-0.21002	-4.83766	7.49138	-2.42833	-1.03743	7.97124	12.1684	-0.644489	
5.46982	-1.51478	-0.241602	-4.92549	7.60526	-2.36207	-0.974199	8.01947	12.1675	-0.647779	
5.46345	-1.53575	-0.259843	-5.00663	7.55133	-2.33688	-0.944712	8.06811	12.1699	-0.647671	
5.45717	-1.55612	-0.278376	-5.08579	7.48428	-2.31375	-0.9163	8.05696	12.1704	-0.651965	
5.45573	-1.56906	-0.287423	-5.15092	7.28649	-2.30928	-0.901759	8.03811	12.1765	-0.653227	
5.39013	-1.6507	-0.366833	-5.29937	7.23	-2.19	-0.774735	8.02825	12.1839	-0.653593	
5.41411	-1.62958	-0.340624	-5.36512	7.46094	-2.22583	-0.821891	8.02668	12.1873	-0.658112	
5.40647	-1.66148	-0.377871	-5.50467	7.50709	-2.17862	-0.777516	8.02404	12.1949	-0.659244	
5.42098	-1.65985	-0.38081	-5.6135	7.47834	-2.18685	-0.788879	8.02519	12.2026	-0.660116	
5.44616	-1.64634	-0.369365	-5.69294	7.48995	-2.21283	-0.819331	7.99443	12.2108	-0.661061	
5.47272	-1.62773	-0.356901	-5.77812	7.52165	-2.24445	-0.857189	7.97347	12.2185	-0.662074	
5.49509	-1.61024	-0.343539	-5.85831	7.58304	-2.27555	-0.896632	7.92091	12.2235	-0.665354	
5.5474	-1.56867	-0.294886	-5.86594	7.47233	-2.36949	-0.98905	7.85807	12.2299	-0.668431	
5.59341	-1.52859	-0.248583	-5.86866	7.39981	-2.46881	-1.08941	7.79041	12.2362	-0.672041	
5.64619	-1.49523	-0.210454	-5.86973	7.62792	-2.54637	-1.18427	7.7399	12.2391	-0.678991	
5.69886	-1.45966	-0.170382	-5.88168	7.58654	-2.6593	-1.30234	7.7328	12.2462	-0.681652	
5.70488	-1.4644	-0.17534	-5.94078	7.60588	-2.65334	-1.30296	7.7312	12.2524	-0.684363	
5.70261	-1.46874	-0.185137	-6.00458	7.48584	-2.64904	-1.30173	7.70776	12.2603	-0.684691	
5.71337	-1.47523	-0.200761	-6.08085	7.27903	-2.63124	-1.28398	7.71966	12.2668	-0.683333	
5.7091	-1.48489	-0.215494	-6.13757	7.31911	-2.60367	-1.25706	7.69788	12.2711	-0.684259	
5.72413	-1.48957	-0.221665	-6.16799	7.68441	-2.57553	-1.24817	7.68447	12.2717	-0.689626	
5.8424	-1.46676	-0.197206	-6.17335	7.64826	-2.64635	-1.32138	7.73417	12.2734	-0.693427	
5.87933	-1.45575	-0.184941	-6.17565	7.72255	-2.67773	-1.36076	7.75686	12.2736	-0.698284	
5.77966	-1.45204	-0.179609	-6.17698	7.89186	-2.68075	-1.37864	7.75434	12.2735	-0.703654	
5.80131	-1.44726	-0.174667	-6.17794	8.12211	-2.67208	-1.39544	7.73704	12.2592	-0.721418	
5.78352	-1.43209	-0.156801	-6.17806	7.73192	-2.76685	-1.45852	7.6912	12.2653	-0.718181	
5.79974	-1.42534	-0.149577	-6.17819	7.59311	-2.80295	-1.48555	7.58613	12.268	-0.718332	
5.81184	-1.41827	-0.141762	-6.17829	7.6138	-2.82971	-1.51586	7.49011	12.2689	-0.720158	
5.82383	-1.40588	-0.127722	-6.17847	7.83849	-2.8623	-1.57339	7.40547	12.2673	-0.724611	
5.83295	-1.40022	-0.121433	-6.17861	7.91328	-2.87856	-1.60055	7.30696	12.2664	-0.727578	
5.83936	-1.3943	-0.114719	-6.17873	7.70379	-2.92715	-1.63059	7.22101	12.2695	-0.726928	
5.85125	-1.38851	-0.108178	-6.17882	7.84931	-2.93986	-1.66094	7.16072	12.268	-0.730789	
5.87426	-1.37545	-0.0939426	-6.179	7.85196	-3.00177	-1.73111	7.09186	12.2677	-0.732939	
5.88983	-1.36355	-0.0806947	-6.17921	8.04602	-3.03792	-1.80216	7.02084	12.2644	-0.737649	
5.90537	-1.35306	-0.0690306	-6.17958	8.47235	-3.01623	-1.87009	6.95239	12.255	-0.748171	
5.91056	-1.34553	-0.0602961	-6.18205	7.96555	-3.15531	-1.92503	6.8871	12.2627	-0.74183	
5.9154	-1.34239	-0.0565716	-6.18475	7.91005	-3.18527	-1.94976	6.80003	12.2523	-0.753578	
5.92457	-1.33746	-0.051055	-6.1862	8.02425	-3.20051	-1.98755	6.75961	12.2367	-0.77127	
5.93331	-1.33283	-0.0458139	-6.18872	8.00963	-3.23482	-2.02527	6.72867	12.2228	-0.787412	
5.93097	-1.34034	-0.0531594	-6.20278	7.99215	-3.19916	-1.97664	6.71829	12.2212	-0.791487	
5.91633	-1.36323	-0.0763901	-6.24281	7.9934	-3.08759	-1.84234	6.74383	12.2195	-0.795825	
5.89246	-1.39768	-0.112429	-6.29836	7.96752	-2.94278	-1.67032	6.76581	12.1977	-0.819721	
5.88144	-1.4108	-0.126201	-6.32293	7.6602	-2.92584	-1.61522	6.76077	12.1851	-0.834654	
5.84418	-1.46522	-0.187476	-6.42269	7.67341	-2.73059	-1.40751	6.83235	12.1695	-0.851462	
5.92162	-1.43961	-0.158395	-6.42457	7.72725	-2.82556	-1.51347	6.91666	12.154	-0.869611	
5.93659	-1.41728	-0.133315	-6.42518	8.01246	-2.8902	-1.61737	6.99915	12.128	-0.897916	
5.95159	-1.39255	-0.105635	-6.42807	8.07478	-2.99835	-1.75059	7.04779	12.1042	-0.92397	
5.91926	-1.42642	-0.144005	-6.4964	7.53707	-2.91117	-1.59435	7.10651	12.0929	-0.936409	
5.88942	-1.46236	-0.1862	-6.57535	7.72099	-2.76837	-1.45801	7.16322	12.0743	-0.955712	
5.87055	-1.48705	-0.216336	-6.64626	7.59508	-2.70236	-1.37824	7.1217	12.0602	-0.971057	
5.83871	-1.52627	-0.261772	-6.73939	7.45271	-2.60289	-1.26364	7.09294	12.0462	-0.986116	
5.84816	-1.5197	-0.259439	-6.77932	7.5233	-2.62064	-1.28829	7.04624	12.0352	-0.998834	
5.76688	-1.61466	-0.36649	-6.93897	7.9864	-2.41429	-1.09764	7.03358	12.0088	-1.02615	
5.70037	-1.67871	-0.439396	-7.07572	8.00413	-2.34176	-1.02043	7.03726	11.9826	-1.05283	
5.65793	-1.72559	-0.492078	-7.2017	8.09747	-2.30179	-0.983606	7.09012	11.9704	-1.06622	
5.60552	-1.77646	-0.553878	-7.33941	7.84445	-2.27383	-0.938058	7.10691	11.9681	-1.06944	
5.5822	-1.81549	-0.610174	-7.47272	7.85393	-2.24449	-0.911046	7.17536	11.9634	-1.075	
5.53343	-1.8577	-0.667352	-7.6248	7.6306	-2.22082	-0.879272	7.23229	11.9641	-1.07493	
5.5191	-1.87423	-0.696787	-7.75299	7.77329	-2.21394	-0.882131	7.30087	11.9585	-1.08158	
5.51321	-1.85578	-0.696811	-7.84446	7.55371	-2.245	-0.912765	7.27228	11.9586	-1.0814	
5.53302	-1.82672	-0.697755	-7.93858	7.67791	-2.26875	-0.954221	7.30725	11.9519	-1.08749	
5.51127	-1.82677	-0.709545	-8.00303	7.64986	-2.27706	-0.963622	7.28174	11.9457	-1.0943	
5.53953	-1.80709	-0.688073	-8.02247	7.6393	-2.31239	-1.00056	7.25993	11.9395	-1.10298	
5.55988	-1.78518	-0.669699	-8.04958	7.28861	-2.3589	-1.03962	7.21993	11.9255	-1.11849	
5.60006	-1.75331	-0.634595	-8.05805	7.08094	-2.42024	-1.09783	7.18673	11.915	-1.13149	
5.63603	-1.72321	-0.598337	-8.06389	7.07793	-2.48121	-1.16138	7.15845	11.9029	-1.14661	
5.67483	-1.70077	-0.57123	-8.06625	7.16452	-2.52672	-1.21139	7.16562	11.8883	-1.16431	
5.70722	-1.67296	-0.536449	-8.06804	7.29641	-2.58871	-1.28102	7.16203	11.8824	-1.17319	
5.74523	-1.64715	-0.503545	-8.0828	7.15406	-2.6669	-1.35549	7.1545	11.8814	-1.17869	
5.77197	-1.63132	-0.482518	-8.10244	7.11499	-2.72038	-1.40863	7.14217	11.885	-1.18032	
5.75802	-1.65002	-0.503367	-8.16469	7.15491	-2.67546	-1.36952	7.13891	11.8881	-1.18085	
5.74315	-1.66717	-0.523846	-8.22619	7.01669	-2.64202	-1.33447	7.14959	11.8936	-1.17823	
5.76106	-1.65576	-0.51964	-8.26147	6.96212	-2.66781	-1.36444	7.17817	11.8928	-1.18051	
5.79346	-1.64108	-0.514195	-8.29135	6.57285	-2.7	-1.39661	7.22719	11.8983	-1.17646	
5.78977	-1.6254	-0.520939	-8.31617	6.82393	-2.6971	-1.42226	7.20299	11.8998	-1.17386	
5.78991	-1.63155	-0.529667	-8.36412	6.77955	-2.68857	-1.41081	7.17294	11.9052	-1.17073	
5.78385	-1.6384	-0.541386	-8.41291	6.60987	-2.67431	-1.3954	7.08603	11.9114	-1.16723	
5.78987	-1.63726	-0.545676	-8.45672	6.14955	-2.67864	-1.39737	6.99792	11.9187	-1.16223	
5.79271	-1.63505	-0.552968	-8.49901	6.12233	-2.67401	-1.39628	6.94342	11.9244	-1.15757	
5.81228	-1.62713	-0.553231	-8.53695	6.25913	-2.68371	-1.41077	7.04787	11.9295	-1.15384	
5.82322	-1.63425	-0.564272	-8.59101	6.37118	-2.66606	-1.39395	7.18141	11.9337	-1.15114	
5.8365	-1.6318	-0.563021	-8.63742	6.34287	-2.67701	-1.40466	7.30241	11.9379	-1.14874	
5.83144	-1.63945	-0.574679	-8.68749	6.43877	-2.65626	-1.38655	7.30287	11.9404	-1.14783	
5.88483	-1.60184	-0.528455	-8.68956	6.76337	-2.76124	-1.50002	7.28866	11.9389	-1.15288	
5.96397	-1.56594	-0.48473	-8.69115	7.11241	-2.87064	-1.62617	7.36237	11.9346	-1.1611	
5.97194	-1.54594	-0.459576	-8.70739	6.98382	-2.95814	-1.71299	7.34534	11.9336	-1.16558	
5.97432	-1.55913	-0.471656	-8.75455	7.17982	-2.91393	-1.67727	7.36168	11.9298	-1.17183	
5.97982	-1.56273	-0.476922	-8.79139	7.07763	-2.90917	-1.67024	7.3503	11.933	-1.17099	
6.01476	-1.55043	-0.460174	-8.81638	6.99138	-2.97185	-1.73138	7.36067	11.9305	-1.17567	
6.00999	-1.56482	-0.476102	-8.85833	7.00569	-2.9278	-1.68853	7.37676	11.9308	-1.17713	
6.005	-1.57637	-0.489723	-8.89406	6.95353	-2.89511	-1.655	7.38832	11.932	-1.17758	
6.01365	-1.57392	-0.493823	-8.91514	7.25741	-2.88268	-1.66422	7.40387	11.931	-1.18004	
6.04807	-1.55483	-0.471519	-8.91636	7.5614	-2.93743	-1.74196	7.41083	11.9288	-1.18556	
6.07305	-1.53464	-0.447455	-8.91667	7.48054	-3.02824	-1.83317	7.44305	11.9275	-1.19028	
6.10357	-1.51865	-0.428566	-8.91695	7.80873	-3.07197	-1.91275	7.46809	11.9184	-1.2026	
6.10929	-1.5063	-0.413819	-8.9173	7.16771	-3.18796	-1.98063	7.45633	11.9227	-1.20181	
6.12785	-1.49484	-0.400381	-8.91807	6.93964	-3.26558	-2.04784	7.40598	11.9231	-1.20641	
6.14273	-1.48425	-0.387952	-8.91812	7.0303	-3.32462	-2.11505	7.34698	11.9265	-1.20864	
6.03907	-1.60852	-0.514661	-9.05449	6.89574	-2.86796	-1.61446	7.32333	11.9311	-1.20936	
5.82891	-1.82101	-0.73171	-9.28794	6.82505	-2.45138	-1.17745	7.33578	11.935	-1.20972	
5.76951	-1.88036	-0.789077	-9.35615	6.83209	-2.37989	-1.10368	7.33356	11.9369	-1.21253	
5.80347	-1.8501	-0.750945	-9.35942	6.82559	-2.4344	-1.15915	7.31636	11.9389	-1.21552	
5.83268	-1.83723	-0.735032	-9.36885	7.42025	-2.44262	-1.18492	7.29904	11.9331	-1.22591	
5.85538	-1.82327	-0.71845	-9.38011	7.24635	-2.47623	-1.21384	7.29149	11.9387	-1.22532	
5.87393	-1.79542	-0.693647	-9.39332	7.12119	-2.52732	-1.26734	7.28343	11.9437	-1.22472	
5.87637	-1.79601	-0.692182	-9.4173	7.54969	-2.52163	-1.27734	7.27292	11.9421	-1.23222	
5.89928	-1.77797	-0.670114	-9.41763	7.60922	-2.55846	-1.31848	7.26539	11.9433	-1.23746	
5.91113	-1.77024	-0.660926	-9.41765	7.63727	-2.57423	-1.33633	7.2628	11.9455	-1.24145	
5.93437	-1.75924	-0.648064	-9.41767	7.78391	-2.59102	-1.36212	7.26512	11.9455	-1.24863	
5.93536	-1.74978	-0.636635	-9.4177	7.45657	-2.63101	-1.38591	7.26157	11.9539	-1.24808	
6.00328	-1.7031	-0.582006	-9.41706	7.5049	-2.75	-1.5124	7.26077	11.9582	-1.25225	
6.0496	-1.66661	-0.539466	-9.41656	7.28668	-2.87264	-1.62918	7.23727	11.9683	-1.25098	
6.12583	-1.61353	-0.478088	-9.41573	7.30579	-3.07007	-1.83774	7.24543	11.9756	-1.25206	
6.17388	-1.57817	-0.437524	-9.41525	7.32909	-3.23453	-2.01361	7.22508	11.9821	-1.25374	
6.20701	-1.55338	-0.409117	-9.41496	7.0147	-3.39604	-2.16373	7.18504	11.9913	-1.25274	
6.21649	-1.54704	-0.401875	-9.41496	7.29209	-3.41808	-2.20669	7.14135	11.9956	-1.2563	
6.22402	-1.54042	-0.394302	-9.41491	7.35985	-3.45668	-2.25401	7.08175	12.0004	-1.25916	
6.2424	-1.53344	-0.386413	-9.4151	6.6921	-3.55043	-2.30627	7.0833	12.0107	-1.25668	
6.26113	-1.51809	-0.368778	-9.41565	6.71076	-3.67434	-2.43579	7.06031	12.0169	-1.25886	
6.26324	-1.51616	-0.366398	-9.41693	6.70478	-3.69362	-2.45504	7.03292	12.0244	-1.26004	
6.26751	-1.51383	-0.363632	-9.41785	6.73225	-3.71285	-2.47779	7.00914	12.0309	-1.26104	
6.27318	-1.51175	-0.361218	-9.4186	6.71453	-3.73195	-2.49807	6.9766	12.033	-1.2653	
6.27864	-1.50886	-0.357924	-9.41888	6.62521	-3.76367	-2.52644	6.94648	12.0359	-1.26874	
6.27994	-1.50645	-0.355133	-9.41916	6.41838	-3.79738	-2.55121	6.89983	12.0398	-1.27139	
6.28322	-1.50423	-0.352569	-9.41958	6.15533	-3.83082	-2.57462	6.8481	12.0449	-1.27274	
6.28959	-1.50199	-0.350041	-9.41991	6.20115	-3.85192	-2.59829	6.8136	12.048	-1.27524	
6.28967	-1.50011	-0.347787	-9.42016	6.30469	-3.86862	-2.61992	6.80329	12.0508	-1.27786	
6.29328	-1.49818	-0.345551	-9.42052	6.56717	-3.87633	-2.64191	6.80177	12.0471	-1.28632	
6.29941	-1.49632	-0.343447	-9.42083	6.8688	-3.87787	-2.66308	6.81046	12.0479	-1.29203	
6.31186	-1.48858	-0.334692	-9.42094	7.12526	-3.94187	-2.75682	6.81481	12.051	-1.29625	
6.32282	-1.48248	-0.327837	-9.42097	6.60198	-4.06076	-2.83751	6.79646	12.0583	-1.29634	
6.33337	-1.47694	-0.321594	-9.42105	6.64891	-4.13284	-2.9177	6.79184	12.0637	-1.29845	
6.34194	-1.47215	-0.316146	-9.42129	7.1104	-4.15771	-2.99384	6.8273	12.0661	-1.30372	
6.34856	-1.47089	-0.314473	-9.42405	6.91769	-4.203	-3.01879	6.86182	12.0697	-1.30826	
6.3516	-1.47114	-0.314457	-9.42743	7.28229	-4.15992	-3.01941	6.90407	12.0668	-1.31915	
6.32336	-1.50635	-0.349717	-9.47126	7.34766	-3.78722	-2.60538	6.9158	12.0699	-1.32392	
6.25631	-1.58253	-0.425973	-9.56098	7.34986	-3.30735	-2.08112	7.04885	12.0756	-1.32611	
6.19724	-1.65858	-0.501612	-9.65838	7.47712	-3.00118	-1.76344	7.15104	12.0798	-1.33003	
6.22615	-1.6536	-0.495457	-9.66102	7.67784	-3.01104	-1.7859	7.19987	12.0817	-1.33585	
6.21133	-1.64751	-0.488298	-9.6618	7.37696	-3.05343	-1.81249	7.22985	12.0906	-1.33488	
6.22362	-1.647	-0.487152	-9.66831	7.44639	-3.0551	-1.81767	7.27033	12.0956	-1.33771	
6.21831	-1.64751	-0.487055	-9.67364	7.37395	-3.05948	-1.81857	7.3084	12.0977	-1.34173	
6.21894	-1.64319	-0.482024	-9.67532	7.38718	-3.07763	-1.83813	7.33029	12.1014	-1.34438	
6.20303	-1.67265	-0.510756	-9.72611	7.17689	-2.99249	-1.73908	7.4063	12.1086	-1.34384	
6.18892	-1.68691	-0.52479	-9.74849	7.26209	-2.94688	-1.69546	7.4139	12.1144	-1.34505	
6.19437	-1.6895	-0.527295	-9.75726	7.57256	-2.92625	-1.68842	7.4573	12.1182	-1.34823	
6.18959	-1.69312	-0.530602	-9.7681	7.45457	-2.92287	-1.67888	7.45898	12.1259	-1.34744	
6.19485	-1.688	-0.524821	-9.76925	7.46639	-2.94029	-1.69747	7.46271	12.1323	-1.348	
6.20104	-1.68428	-0.520425	-9.77238	7.47587	-2.95427	-1.7122	7.49568	12.1392	-1.34859	
6.20561	-1.67891	-0.514218	-9.7741	7.50491	-2.97301	-1.73299	7.49234	12.1458	-1.34951	
6.20992	-1.67486	-0.509573	-9.77417	7.60446	-2.98336	-1.74888	7.50209	12.1506	-1.35219	
6.21756	-1.66954	-0.503622	-9.77414	7.3532	-3.01562	-1.76972	7.50763	12.1596	-1.35074	
6.2347	-1.66258	-0.495966	-9.7741	7.35239	-3.0423	-1.79737	7.49377	12.166	-1.3513	
6.23861	-1.65795	-0.490558	-9.77606	7.56211	-3.05168	-1.81778	7.48249	12.17	-1.35391	
6.24598	-1.65395	-0.485979	-9.77711	7.86063	-3.04969	-1.83541	7.48875	12.1707	-1.35979	
6.2475	-1.64901	-0.480311	-9.7779	7.74026	-3.07927	-1.85773	7.49896	12.1761	-1.36079	
6.25605	-1.64464	-0.475415	-9.77789	7.7468	-3.09758	-1.8774	7.53891	12.1796	-1.36368	
6.26351	-1.63938	-0.469518	-9.77785	7.71927	-3.12236	-1.90173	7.59859	12.1758	-1.37338	
6.27295	-1.63326	-0.462693	-9.77817	7.80829	-3.14362	-1.93088	7.62119	12.1709	-1.3842	
6.28315	-1.62617	-0.454753	-9.77856	7.65892	-3.18716	-1.96617	7.64296	12.1749	-1.38652	
6.29657	-1.62242	-0.450646	-9.77899	7.68747	-3.20304	-1.98506	7.66376	12.1768	-1.39015	
6.30484	-1.61565	-0.443125	-9.77896	7.81225	-3.2272	-2.02073	7.65611	12.1779	-1.39453	
6.30707	-1.60971	-0.436463	-9.77888	7.37642	-3.28732	-2.05364	7.65002	12.1852	-1.393	
6.31653	-1.60465	-0.430864	-9.77881	7.27938	-3.32054	-2.08235	7.66584	12.1902	-1.39479	
6.33502	-1.59966	-0.425477	-9.77883	7.21878	-3.35099	-2.11094	7.68359	12.197	-1.39518	
6.34326	-1.59477	-0.420061	-9.77883	7.33343	-3.37457	-2.14069	7.70284	12.2048	-1.39615	
6.3369	-1.58968	-0.414173	-9.77933	7.28667	-3.40864	-2.17434	7.74519	12.2137	-1.39612	
6.33807	-1.58582	-0.409798	-9.77978	7.23242	-3.43694	-2.20024	7.78684	12.224	-1.3959	
6.34457	-1.58084	-0.404196	-9.78068	6.92436	-3.48432	-2.23461	7.80965	12.2357	-1.39424	
6.35582	-1.57634	-0.399269	-9.78064	6.53081	-3.52809	-2.26591	7.82851	12.247	-1.3928	
6.36831	-1.57234	-0.394924	-9.78067	6.65454	-3.5524	-2.29449	7.81371	12.2563	-1.39334	
6.37412	-1.56658	-0.388373	-9.78218	6.83627	-3.58981	-2.33958	7.82181	12.2651	-1.39422	
6.40388	-1.5457	-0.365416	-9.78207	6.85143	-3.76026	-2.51808	7.8122	12.2736	-1.39458	
6.40924	-1.54204	-0.361259	-9.78338	6.87576	-3.79447	-2.55477	7.78457	12.2813	-1.39484	
6.40534	-1.54198	-0.360978	-9.78515	6.9719	-3.79256	-2.5574	7.75513	12.2888	-1.39526	
6.40363	-1.54263	-0.361562	-9.78638	6.96717	-3.78793	-2.55224	7.72625	12.2959	-1.39514	
6.40441	-1.54147	-0.360228	-9.78689	6.93451	-3.80122	-2.56429	7.71062	12.3025	-1.39514	
6.40727	-1.54374	-0.362327	-9.79161	7.11568	-3.77426	-2.54609	7.75429	12.308	-1.39617	
6.40877	-1.54407	-0.362387	-9.79547	7.04468	-3.77863	-2.5461	7.78334	12.3148	-1.39593	
6.41116	-1.54414	-0.36224	-9.79847	7.18209	-3.77245	-2.54783	7.81277	12.3206	-1.39692	
6.42727	-1.54098	-0.358433	-9.80905	7.17594	-3.80478	-2.58396	7.8812	12.327	-1.39712	
6.40591	-1.56596	-0.383655	-9.84315	7.19859	-3.61091	-2.38105	7.92294	12.3322	-1.3982	
6.41006	-1.5678	-0.38523	-9.84994	7.12158	-3.60504	-2.37056	7.97106	12.338	-1.39889	
6.4084	-1.57079	-0.388241	-9.85602	6.68768	-3.60314	-2.35073	7.94686	12.3467	-1.39774	
6.40073	-1.57656	-0.394379	-9.86506	6.59783	-3.56703	-2.31112	7.91687	12.3554	-1.39765	
6.40462	-1.57541	-0.393136	-9.86741	6.6945	-3.57313	-2.32074	7.90859	12.3633	-1.39849	
6.41495	-1.56971	-0.38719	-9.87101	6.44916	-3.62151	-2.3643	7.87824	12.3717	-1.39821	
6.40247	-1.58372	-0.402398	-9.89219	6.23307	-3.52769	-2.26601	7.87446	12.3821	-1.39734	
6.39468	-1.59413	-0.414226	-9.91121	6.19171	-3.45979	-2.19814	7.86412	12.3917	-1.39719	
6.38539	-1.6113	-0.433752	-9.9367	6.22728	-3.35557	-2.09482	7.86986	12.4016	-1.39675	
6.40353	-1.60361	-0.425776	-9.94301	6.25971	-3.39876	-2.1396	7.87039	12.4115	-1.39678	
6.4087	-1.60257	-0.425452	-9.9548	6.12011	-3.4045	-2.1447	7.87234	12.4216	-1.39631	
6.40737	-1.60423	-0.427679	-9.96833	6.17604	-3.39372	-2.13509	7.81995	12.4318	-1.39616	
6.42377	-1.59649	-0.419352	-9.97372	6.06589	-3.4426	-2.18321	7.80098	12.4422	-1.39602	
6.41839	-1.6071	-0.430683	-9.99464	6.18491	-3.38138	-2.12341	7.82031	12.4521	-1.39589	
6.40343	-1.62446	-0.450905	-10.0211	6.10564	-3.28435	-2.02617	7.83826	12.4607	-1.39534	
6.39153	-1.64178	-0.471458	-10.0482	6.34262	-3.19379	-1.93892	7.79758	12.4678	-1.39567	
6.37494	-1.65809	-0.489192	-10.0796	6.99459	-3.11664	-1.87128	7.76476	12.4715	-1.39935	
6.35953	-1.6771	-0.509507	-10.1145	6.97551	-3.04756	-1.79908	7.7173	12.4783	-1.40013	
6.34303	-1.70171	-0.536205	-10.1547	7.01025	-2.9634	-1.71336	7.68569	12.4858	-1.40052	
6.37375	-1.67916	-0.511362	-10.1556	6.84389	-3.05073	-1.79877	7.61343	12.4928	-1.4019	
6.37686	-1.672	-0.503425	-10.1559	6.69172	-3.08214	-1.82814	7.57334	12.4993	-1.40273	
6.38433	-1.66512	-0.495866	-10.1559	6.69861	-3.11067	-1.85711	7.53471	12.5058	-1.40356	
6.39234	-1.65811	-0.488181	-10.1559	6.64438	-3.14183	-1.8877	7.47587	12.5137	-1.40417	
6.40691	-1.64924	-0.478533	-10.1557	6.89565	-3.17667	-1.9278	7.45858	12.5191	-1.40687	
6.41534	-1.64196	-0.470559	-10.1557	6.16292	-3.22221	-1.96254	7.44085	12.5284	-1.40568	
6.42302	-1.6371	-0.465181	-10.1569	6.34328	-3.24461	-1.98698	7.42509	12.5363	-1.40682	
6.43678	-1.63172	-0.459318	-10.158	6.39551	-3.27127	-2.01447	7.40687	12.5451	-1.40724	
6.43614	-1.62826	-0.455256	-10.1612	6.43873	-3.29044	-2.03431	7.40849	12.5534	-1.40799	
6.44146	-1.62683	-0.453403	-10.1658	7.23176	-3.28266	-2.04385	7.41564	12.5576	-1.41257	
6.44468	-1.62288	-0.448924	-10.168	7.15778	-3.30709	-2.06644	7.44049	12.564	-1.41461	
6.46263	-1.61032	-0.435279	-10.1691	7.15839	-3.37708	-2.13848	7.48995	12.5703	-1.41676	
6.4686	-1.60601	-0.430538	-10.1705	7.1615	-3.40304	-2.16515	7.51003	12.5766	-1.41889	
6.47525	-1.6007	-0.424823	-10.1702	7.08875	-3.43763	-2.19818	7.52637	12.5852	-1.41916	
6.48635	-1.59363	-0.417236	-10.1698	7.72064	-3.45521	-2.2441	7.54123	12.59	-1.42374	
6.49412	-1.58757	-0.410714	-10.1697	7.59569	-3.50309	-2.28566	7.58171	12.6008	-1.42289	
6.47578	-1.61369	-0.43678	-10.2136	7.62136	-3.35954	-2.13589	7.64676	12.6096	-1.42339	
6.44114	-1.66186	-0.484403	-10.2845	8.1517	-3.12339	-1.91463	7.74109	12.611	-1.43067	
6.42103	-1.69394	-0.5154	-10.3444	8.13411	-3.01666	-1.7995	7.82201	12.6154	-1.43325	
6.41887	-1.70283	-0.522101	-10.3847	8.6268	-2.96503	-1.77948	7.88777	12.6119	-1.44389	
6.45592	-1.68571	-0.503059	-10.392	8.30338	-3.05619	-1.85078	7.95215	12.6113	-1.45205	
6.47745	-1.66852	-0.484026	-10.3972	8.29337	-3.12965	-1.92842	8.01516	12.6054	-1.46494	
6.49618	-1.65034	-0.464133	-10.3995	8.09363	-3.22683	-2.01792	8.05998	12.6101	-1.4679	
6.50101	-1.65174	-0.464639	-10.4186	8.02709	-3.23221	-2.01874	8.12303	12.6182	-1.46925	
6.4871	-1.67255	-0.485149	-10.4576	8.13171	-3.14541	-1.93339	8.21364	12.6206	-1.47463	
6.47015	-1.69987	-0.512088	-10.5065	8.21366	-3.04696	-1.83299	8.32939	12.6267	-1.47755	
6.44801	-1.72378	-0.53601	-10.5515	8.13164	-2.97718	-1.75484	8.35798	12.6352	-1.47832	
6.43708	-1.74538	-0.557513	-10.5961	8.13368	-2.91669	-1.69112	8.37251	12.6414	-1.48124	
6.48972	-1.74199	-0.554102	-10.6167	8.2797	-2.92329	-1.70622	8.37854	12.6446	-1.48539	
6.51527	-1.72021	-0.530617	-10.6166	7.95196	-3.01399	-1.78445	8.38034	12.6532	-1.48439	
6.52064	-1.6965	-0.504913	-10.6162	7.68783	-3.11669	-1.88013	8.36144	12.6617	-1.48311	
6.54685	-1.67111	-0.477515	-10.6172	7.5846	-3.23323	-1.99681	8.34187	12.6676	-1.48433	
6.56044	-1.66081	-0.466205	-10.6237	7.57772	-3.28571	-2.05114	8.32449	12.6719	-1.48622	
6.56025	-1.67344	-0.479201	-10.6528	7.48569	-3.23282	-1.99444	8.29701	12.6778	-1.48615	
6.55992	-1.68234	-0.487958	-10.6801	7.45969	-3.19897	-1.95904	8.27261	12.6791	-1.4915	
6.56177	-1.68196	-0.487933	-10.6961	7.43189	-3.20296	-1.96347	8.20697	12.6796	-1.49731	
6.54693	-1.696	-0.50308	-10.7231	7.49233	-3.14435	-1.90615	8.20382	12.6795	-1.50348	
6.55294	-1.69923	-0.506415	-10.7446	7.52154	-3.13403	-1.89665	8.17661	12.6796	-1.50978	
6.55817	-1.69964	-0.506947	-10.7609	7.66976	-3.13093	-1.89869	8.18684	12.6767	-1.5191	
6.57613	-1.68924	-0.495866	-10.7668	7.47501	-3.18286	-1.94612	8.19488	12.6768	-1.52573	
6.57322	-1.69551	-0.502782	-10.7827	7.28911	-3.16315	-1.92135	8.20236	12.6863	-1.52554	
6.57272	-1.70024	-0.507626	-10.7994	7.93044	-3.12816	-1.9064	8.21977	12.6909	-1.53042	
6.58515	-1.6896	-0.495997	-10.8041	7.87462	-3.17827	-1.95578	8.25537	12.6989	-1.53206	
6.60473	-1.67572	-0.481202	-10.8048	7.9025	-3.24107	-2.02226	8.2987	12.7058	-1.53448	
6.61289	-1.67028	-0.475401	-10.8057	7.91007	-3.26783	-2.05023	8.33116	12.7132	-1.53637	
6.62847	-1.66089	-0.465464	-10.8056	8.04889	-3.30814	-2.09983	8.36811	12.7193	-1.53861	
6.63504	-1.65257	-0.456585	-10.8055	8.19993	-3.34437	-2.14672	8.4132	12.7251	-1.5411	
6.65358	-1.64502	-0.448653	-10.8075	8.45243	-3.36758	-2.19183	8.43543	12.7286	-1.54568	
6.65118	-1.64722	-0.451408	-10.8199	8.17166	-3.381	-2.18488	8.45213	12.7372	-1.54327	
6.65869	-1.64495	-0.449255	-10.8245	8.0195	-3.40534	-2.20102	8.4601	12.7441	-1.54257	
6.66814	-1.63975	-0.443728	-10.8278	7.93379	-3.44221	-2.23461	8.46578	12.7505	-1.54267	
6.67818	-1.63682	-0.440592	-10.8306	7.94845	-3.46041	-2.25425	8.46982	12.7557	-1.54395	
6.68164	-1.633	-0.43639	-10.8333	7.81597	-3.49295	-2.28101	8.47947	12.7622	-1.54397	
6.69755	-1.62743	-0.430543	-10.8344	7.73384	-3.5335	-2.31916	8.4755	12.7684	-1.54436	
6.71149	-1.61543	-0.417786	-10.8348	7.69047	-3.62059	-2.40804	8.48469	12.7746	-1.54481	
6.71358	-1.61815	-0.420542	-10.8427	7.69831	-3.6031	-2.38993	8.48459	12.7809	-1.54528	
6.7179	-1.61613	-0.418245	-10.8477	7.80679	-3.61478	-2.40775	8.46226	12.7854	-1.54751	
6.71715	-1.61371	-0.415593	-10.8479	8.01253	-3.62141	-2.42744	8.46667	12.7881	-1.55046	
6.74418	-1.61148	-0.413339	-10.848	8.1621	-3.62621	-2.44447	8.49023	12.7884	-1.55495	
6.72337	-1.60877	-0.41031	-10.848	8.01911	-3.65877	-2.46789	8.50397	12.7932	-1.55492	
6.73475	-1.60366	-0.404931	-10.848	8.15857	-3.68918	-2.51114	8.5517	12.7959	-1.55767	
6.74798	-1.59464	-0.395399	-10.8479	8.4197	-3.73872	-2.59318	8.59313	12.7956	-1.56278	
6.76677	-1.58432	-0.384587	-10.8477	7.57753	-3.90221	-2.69625	8.59692	12.8075	-1.55622	
6.77806	-1.57519	-0.374914	-10.8476	7.57421	-4.00015	-2.79954	8.60224	12.8119	-1.55715	
6.79043	-1.56844	-0.367804	-10.8475	7.53353	-4.08211	-2.88364	8.6199	12.8168	-1.55769	
6.78741	-1.56383	-0.362824	-10.8475	7.95834	-4.10772	-2.94747	8.6379	12.819	-1.56124	
6.79774	-1.55626	-0.354832	-10.8474	7.07234	-4.27475	-3.06002	8.64244	12.8277	-1.55714	
6.81067	-1.55037	-0.348649	-10.8473	7.05725	-4.36813	-3.15745	8.66635	12.8312	-1.5582	
6.82541	-1.54529	-0.343348	-10.8473	6.8547	-4.46638	-3.24984	8.70647	12.8339	-1.55968	
6.83794	-1.54181	-0.339738	-10.8473	7.37953	-4.49853	-3.31834	8.72731	12.8327	-1.56505	
6.85155	-1.53835	-0.336145	-10.8478	8.12992	-4.4741	-3.39205	8.77491	12.8218	-1.57913	
6.85605	-1.53788	-0.335547	-10.8502	7.65566	-4.5524	-3.40622	8.85436	12.8226	-1.58155	
6.85355	-1.53486	-0.332255	-10.8513	7.45747	-4.6404	-3.4807	8.94529	12.8222	-1.58525	
6.86591	-1.53106	-0.328288	-10.8516	7.37501	-4.73701	-3.57814	9.03133	12.8241	-1.5869	
6.88838	-1.53245	-0.329757	-10.8568	7.67783	-4.67206	-3.5437	9.10668	12.82	-1.59428	
6.88002	-1.53885	-0.336098	-10.867	7.67315	-4.54815	-3.40275	9.18032	12.8169	-1.60018	
6.87194	-1.54885	-0.346394	-10.8796	7.76438	-4.36608	-3.21113	9.24657	12.8166	-1.60337	
6.85758	-1.55912	-0.357366	-10.8915	6.96846	-4.26226	-3.04506	9.29575	12.8227	-1.60142	
6.85948	-1.56643	-0.365943	-10.8996	6.82596	-4.15791	-2.93589	9.34054	12.8257	-1.6023	
6.86121	-1.56745	-0.367322	-10.9026	6.92628	-4.14006	-2.92159	9.37989	12.8291	-1.60337	
6.8374	-1.59533	-0.395756	-10.9329	8.01855	-3.81092	-2.6306	9.42426	12.8249	-1.61173	
6.84049	-1.59477	-0.395042	-10.9365	7.98917	-3.82291	-2.64054	9.46104	12.8273	-1.61392	
6.8459	-1.59173	-0.392054	-10.9394	8.27089	-3.82949	-2.67342	9.49931	12.8266	-1.61931	
6.85135	-1.58939	-0.389831	-10.9422	8.13522	-3.86492	-2.69999	9.53916	12.8183	-1.63089	
6.87881	-1.58674	-0.387165	-10.9426	8.33011	-3.872	-2.72782	9.57916	12.8088	-1.64399	
6.88873	-1.58341	-0.38372	-10.9426	8.497	-3.88556	-2.76443	9.60697	12.8071	-1.64969	
6.92212	-1.5807	-0.38104	-10.9426	8.51935	-3.90867	-2.79394	9.64046	12.8038	-1.65647	
6.89701	-1.57774	-0.377779	-10.9426	8.69452	-3.91593	-2.83118	9.67365	12.7985	-1.66522	
6.89285	-1.57383	-0.373626	-10.9426	8.73358	-3.95152	-2.88099	9.69342	12.7955	-1.67105	
6.90142	-1.56972	-0.369343	-10.9428	8.45206	-4.04151	-2.93539	9.6978	12.7982	-1.67171	
6.91573	-1.56533	-0.364791	-10.9428	8.163	-4.13206	-2.99682	9.69925	12.8031	-1.67002	
6.92194	-1.56269	-0.362037	-10.9431	7.74537	-4.20889	-3.03644	9.69739	12.8079	-1.66935	
6.91978	-1.56036	-0.359569	-10.9434	7.78411	-4.24034	-3.07346	9.69399	12.8085	-1.67283	
6.9268	-1.55858	-0.35774	-10.9442	7.8089	-4.26508	-3.10284	9.68958	12.8093	-1.67585	
6.92991	-1.55752	-0.356632	-10.9444	7.74164	-4.28752	-3.12062	9.68948	12.8109	-1.67804	
6.9341	-1.55611	-0.355187	-10.9448	7.60161	-4.32161	-3.14449	9.68849	12.8149	-1.67892	
6.92777	-1.55524	-0.354226	-10.9452	7.71249	-4.32795	-3.16088	9.68811	12.8167	-1.6815	
6.9564	-1.55319	-0.352218	-10.9456	7.68737	-4.36202	-3.19547	9.68366	12.8194	-1.68319	
6.93397	-1.55101	-0.349804	-10.9459	7.71796	-4.39877	-3.23835	9.6824	12.8209	-1.68606	
6.95107	-1.54866	-0.347423	-10.9459	7.7181	-4.43884	-3.28226	9.67908	12.8218	-1.6889	
6.94518	-1.54755	-0.346228	-10.9459	7.0223	-4.50917	-3.30509	9.671	12.8281	-1.68649	
