2.7261	-4.72891	-4.76826	0.273485	4.84909	-4.67554	-1.17029	8.03616	8.49452	-4.75847	
2.43951	-4.74452	-3.60078	0.482598	4.70898	-4.0881	-0.558708	8.05264	8.5501	-3.3642	
2.36419	-5.10205	-3.22932	0.511378	4.64262	-3.87277	-0.342326	8.08128	8.61062	-2.65443	
2.28854	-5.43175	-3.01539	0.526184	4.71916	-3.79412	-0.260671	8.10937	8.67186	-2.24647	
2.15461	-5.6162	-2.90205	0.494239	4.79348	-3.73306	-0.20246	8.14413	8.73144	-1.98236	
1.97018	-5.72511	-2.90608	0.446376	4.66411	-3.70171	-0.297173	8.1845	8.78986	-1.79723	
2.09374	-5.7527	-2.86181	0.523941	4.76832	-3.78968	-0.340476	8.21906	8.84511	-1.65858	
2.25675	-5.62184	-2.80421	0.531753	4.53802	-3.71872	-0.3273	8.24801	8.90511	-1.51418	
2.42613	-5.35519	-2.58511	0.580285	4.60979	-3.53227	-0.323608	8.28688	8.96312	-1.38324	
2.23403	-5.17209	-2.45439	0.628276	4.59026	-3.35215	-0.214908	8.33637	9.01673	-1.27394	
2.04429	-4.61675	-2.12197	0.732882	4.97444	-2.80562	-0.13509	8.36053	9.09533	-1.1455	
2.11065	-4.1888	-1.95033	0.790511	4.97847	-2.47453	-0.0271641	8.36424	9.17315	-0.993112	
2.53179	-3.89714	-1.78126	0.849775	4.8453	-2.37469	0.0377367	8.35749	9.24582	-0.862529	
2.81844	-3.66188	-1.65598	0.906322	4.85759	-2.25852	0.0732747	8.36023	9.30646	-0.750353	
2.71396	-3.42614	-1.47768	0.959401	4.71489	-2.24084	0.0723089	8.3581	9.35996	-0.66434	
2.61784	-3.21998	-1.36596	0.95116	4.53106	-2.14897	0.116786	8.33658	9.41329	-0.567365	
2.48967	-3.07572	-1.26239	0.959383	4.78179	-2.12033	0.146877	8.31741	9.47954	-0.483045	
2.52108	-2.92407	-1.15575	0.96197	4.87993	-2.06894	0.181385	8.29379	9.54434	-0.407007	
2.41597	-2.79075	-1.06127	0.950088	4.83769	-2.03373	0.207338	8.27097	9.6065	-0.334182	
2.30583	-2.67298	-0.943935	0.966304	5.26929	-2.01156	0.206445	8.25485	9.6532	-0.299605	
2.58413	-2.555	-0.826365	0.981178	5.42925	-1.9863	0.199756	8.23833	9.69824	-0.272808	
2.57677	-2.44459	-0.699892	1.00727	5.82198	-1.96478	0.157804	8.22338	9.73571	-0.259046	
2.45233	-2.33438	-0.605586	1.00824	5.78792	-1.93956	0.151929	8.21171	9.78319	-0.228693	
2.53409	-2.23765	-0.50928	1.02329	6.02999	-1.91681	0.116922	8.19663	9.8232	-0.214928	
2.74278	-2.18322	-0.429894	1.05897	5.99494	-1.99116	0.0563443	8.21027	9.86683	-0.214052	
2.81064	-2.13077	-0.355827	1.09048	5.90847	-2.06696	-0.00648297	8.21934	9.91918	-0.212013	
2.7053	-2.07158	-0.303071	1.10265	5.7606	-2.08055	-0.0263636	8.23132	9.96941	-0.199286	
2.71715	-2.01642	-0.264479	1.10539	6.0029	-2.01475	-0.0256507	8.24271	10.0087	-0.187081	
2.86305	-1.91273	-0.203451	1.09717	5.67582	-1.96604	-0.0307323	8.26264	10.0624	-0.158317	
2.94825	-1.79762	-0.148497	1.08237	5.69727	-1.86166	-0.0276759	8.28937	10.1054	-0.130087	
3.09331	-1.77858	-0.135059	1.09003	5.75564	-1.87268	-0.0315144	8.29002	10.1397	-0.13042	
3.04546	-1.75617	-0.111	1.10406	5.83512	-1.88745	-0.0600907	8.27832	10.1767	-0.133149	
3.20993	-1.73465	-0.0884634	1.11565	5.94618	-1.90324	-0.0864592	8.26155	10.2118	-0.137772	
3.21691	-1.71633	-0.0671425	1.12597	6.1047	-1.91442	-0.111112	8.24734	10.2396	-0.143884	
3.21328	-1.67947	-0.0279349	1.13308	6.14733	-1.94245	-0.153132	8.23088	10.2632	-0.147776	
3.15003	-1.63141	0.000555336	1.12752	6.23413	-1.91059	-0.159334	8.25188	10.283	-0.146276	
3.25104	-1.58916	0.0344572	1.12626	6.11834	-1.93899	-0.184093	8.27387	10.3035	-0.144663	
3.35909	-1.55151	0.0669367	1.12776	5.99295	-1.9664	-0.217283	8.28038	10.3204	-0.144999	
3.38213	-1.50667	0.0907047	1.12222	5.95646	-1.95297	-0.225107	8.26301	10.3384	-0.141174	
3.47541	-1.46682	0.122056	1.12272	5.70992	-1.99414	-0.260063	8.23871	10.3609	-0.136266	
3.37608	-1.43222	0.144246	1.11707	5.7173	-2.00019	-0.26878	8.21916	10.3796	-0.133575	
3.39076	-1.40115	0.163033	1.10949	5.76983	-2.00198	-0.270317	8.19497	10.3993	-0.130123	
3.58864	-1.39042	0.173088	1.10959	5.64256	-2.03519	-0.279892	8.14185	10.4282	-0.129379	
3.5099	-1.36588	0.202867	1.11269	5.66499	-2.07886	-0.329678	8.09598	10.4553	-0.130435	
3.50131	-1.35278	0.217792	1.11492	5.66796	-2.09857	-0.35539	8.04124	10.4719	-0.137411	
3.51199	-1.33905	0.233256	1.11677	5.74729	-2.11878	-0.383251	7.99396	10.4936	-0.139555	
3.5314	-1.32626	0.247542	1.11821	5.82815	-2.14116	-0.409543	7.97252	10.521	-0.141224	
3.48284	-1.31981	0.255097	1.11921	5.69812	-2.16106	-0.422223	7.98275	10.5538	-0.139042	
3.56605	-1.2842	0.283356	1.11354	5.60301	-2.18662	-0.456829	8.01302	10.5939	-0.130852	
3.61772	-1.22913	0.293842	1.08908	5.63019	-2.07228	-0.397003	7.98929	10.6314	-0.10038	
3.69542	-1.18773	0.304386	1.07029	6.13455	-1.98511	-0.362308	7.99916	10.6598	-0.0870142	
3.68605	-1.14658	0.32409	1.06169	6.08951	-1.96873	-0.378319	8.02477	10.6946	-0.0711928	
3.64488	-1.12566	0.334027	1.0533	6.08974	-1.97209	-0.376296	8.02617	10.7259	-0.0655957	
3.74684	-1.10229	0.349661	1.05048	6.12593	-1.98075	-0.400207	8.02279	10.7518	-0.0639671	
3.76001	-1.08319	0.364406	1.047	6.08792	-1.99819	-0.42179	8.0388	10.7725	-0.0643051	
3.82884	-1.0621	0.37409	1.03876	5.79884	-2.00275	-0.420754	8.04483	10.7988	-0.0580984	
3.77634	-1.04766	0.381549	1.037	5.59464	-2.00323	-0.430806	7.99169	10.8247	-0.054286	
3.78899	-1.03809	0.390516	1.03723	5.69384	-2.01442	-0.45111	7.93378	10.848	-0.056354	
3.83977	-1.0289	0.399994	1.03746	5.41823	-2.04501	-0.4735	7.86725	10.8739	-0.0560956	
3.89216	-1.00807	0.422927	1.03764	5.43533	-2.09811	-0.530716	7.80333	10.8976	-0.0572378	
3.91456	-0.99509	0.437424	1.03732	5.37662	-2.13708	-0.567603	7.78386	10.9213	-0.0579315	
3.92161	-0.977574	0.457171	1.03726	5.44678	-2.18942	-0.622846	7.77931	10.9452	-0.0586875	
3.98485	-0.954893	0.481192	1.03651	5.29918	-2.25758	-0.693166	7.79536	10.9642	-0.0588491	
3.96183	-0.917974	0.493051	1.02139	5.38661	-2.17456	-0.661438	7.81386	10.9862	-0.047999	
3.99081	-0.898457	0.499471	1.01162	5.62915	-2.16835	-0.640126	7.82803	11.0059	-0.0385452	
4.07869	-0.855534	0.514064	0.99776	5.66663	-2.11479	-0.634456	7.85911	11.026	-0.0264554	
4.07472	-0.840579	0.514423	0.98741	5.57099	-2.09212	-0.599086	7.88972	11.0463	-0.0167593	
4.08478	-0.826038	0.524366	0.98654	5.83895	-2.09339	-0.626717	7.89231	11.0614	-0.0159098	
4.13233	-0.808679	0.5407	0.985897	5.86269	-2.1357	-0.677579	7.91715	11.0776	-0.0157069	
4.14942	-0.798525	0.551898	0.985663	6.04505	-2.16304	-0.715285	7.94206	11.0906	-0.0173256	
4.21642	-0.791598	0.559287	0.985562	6.02923	-2.18826	-0.741362	7.98529	11.1031	-0.0183268	
4.17498	-0.788244	0.563552	0.985217	5.84277	-2.21487	-0.755479	7.98468	11.1177	-0.0177348	
4.16938	-0.784936	0.567365	0.983738	6.06154	-2.21879	-0.762865	7.98563	11.1249	-0.0241491	
4.25087	-0.777348	0.575181	0.983731	6.09355	-2.24475	-0.79288	8.00909	11.1348	-0.0283216	
4.24955	-0.771343	0.581958	0.983718	5.64629	-2.2922	-0.81983	8.03616	11.1499	-0.0277265	
4.29781	-0.76104	0.593075	0.983537	5.67065	-2.33499	-0.865261	8.05234	11.1635	-0.0286885	
4.32852	-0.751324	0.603564	0.983138	5.69928	-2.37604	-0.909252	8.05674	11.1769	-0.0298859	
4.41517	-0.741022	0.614002	0.982496	5.88971	-2.41288	-0.95404	7.92574	11.1895	-0.0315772	
4.38507	-0.733951	0.621931	0.981836	5.97742	-2.44189	-0.988688	7.81388	11.2032	-0.0321624	
4.37342	-0.726574	0.629932	0.981352	5.89446	-2.4816	-1.02634	7.71502	11.218	-0.0316564	
4.35217	-0.718023	0.639189	0.980986	5.74653	-2.53357	-1.07368	7.62279	11.2336	-0.0306965	
4.3656	-0.709737	0.647647	0.980339	5.67092	-2.57757	-1.11711	7.52822	11.2503	-0.0298518	
4.3793	-0.699815	0.657701	0.980263	5.4114	-2.63911	-1.17732	7.44624	11.2673	-0.0283505	
4.41804	-0.691008	0.665787	0.979235	6.18541	-2.62972	-1.22088	7.40789	11.2797	-0.0313638	
4.40293	-0.677668	0.647614	0.949503	5.85352	-2.36249	-0.915892	7.38424	11.297	-0.0133586	
4.39086	-0.690783	0.603122	0.888702	5.80514	-2.13326	-0.503192	7.3615	11.3124	0.00437856	
4.36513	-0.699762	0.573311	0.837303	5.80063	-1.99606	-0.294571	7.34586	11.3272	0.0189083	
4.37658	-0.688221	0.593765	0.834849	5.86328	-2.03674	-0.338899	7.30582	11.3434	0.0212418	
4.42124	-0.680927	0.603336	0.824875	5.94765	-2.05077	-0.337829	7.24838	11.3588	0.0221501	
4.4159	-0.668627	0.616992	0.815525	6.34093	-2.03636	-0.349867	7.19261	11.3724	0.0237414	
4.45227	-0.652848	0.624304	0.798945	6.26678	-1.99947	-0.328414	7.13269	11.3882	0.0312836	
4.50357	-0.638573	0.632769	0.78282	6.38476	-1.97135	-0.312648	7.12192	11.4	0.0366866	
4.48172	-0.62756	0.642923	0.769144	6.61576	-1.95329	-0.307953	7.10139	11.4109	0.0387334	
4.49281	-0.612246	0.657312	0.758821	6.28746	-1.97552	-0.324539	7.08081	11.4241	0.0430866	
4.51093	-0.599193	0.661661	0.74037	6.30737	-1.93393	-0.294873	7.07864	11.433	0.0444801	
4.54775	-0.587934	0.678183	0.736983	6.657	-1.95189	-0.331374	7.09892	11.4449	0.0430485	
4.58854	-0.575381	0.692215	0.731601	6.72387	-1.97077	-0.357583	7.12105	11.4526	0.0398104	
4.58433	-0.567834	0.697848	0.717946	6.53235	-1.96394	-0.340168	7.14321	11.4604	0.0430871	
4.63993	-0.557038	0.710489	0.71167	6.5479	-1.98749	-0.361949	7.16161	11.4679	0.0420406	
4.64308	-0.545095	0.727166	0.709296	5.66056	-2.06101	-0.406093	7.16556	11.4852	0.0477523	
4.65814	-0.534216	0.722659	0.690007	5.71053	-1.97997	-0.345344	7.16406	11.4973	0.0583125	
4.64949	-0.524415	0.712586	0.66318	5.60648	-1.85925	-0.259058	7.14134	11.5106	0.0762409	
4.64166	-0.517509	0.698687	0.63035	5.77895	-1.683	-0.162859	7.1192	11.5202	0.0931779	
4.65338	-0.503069	0.69057	0.593462	5.89876	-1.53402	-0.0845745	7.12007	11.5301	0.108686	
4.66182	-0.484215	0.687111	0.558222	6.06891	-1.42796	-0.0277116	7.08125	11.5402	0.121788	
4.67255	-0.466975	0.683541	0.523928	6.14462	-1.31963	0.0221979	7.04088	11.5504	0.133321	
4.70941	-0.446781	0.704701	0.517698	6.1776	-1.3505	-0.0120559	7.01077	11.5613	0.135689	
4.74509	-0.428368	0.716419	0.50359	6.12644	-1.34516	-0.0183815	6.99498	11.5728	0.140245	
4.77522	-0.407459	0.733296	0.494852	6.19705	-1.36707	-0.0451477	6.98389	11.583	0.143561	
4.81451	-0.380551	0.750227	0.481026	6.17647	-1.39408	-0.0681587	6.97041	11.5936	0.148514	
4.85377	-0.364223	0.768548	0.479065	6.05294	-1.43941	-0.108873	6.961	11.6032	0.149551	
4.88434	-0.348517	0.786947	0.478557	6.09539	-1.48273	-0.153998	6.95342	11.612	0.14915	
4.91153	-0.333783	0.804504	0.47805	6.16161	-1.52609	-0.199841	6.93726	11.6198	0.148586	
4.9299	-0.323689	0.816805	0.477557	6.58422	-1.54739	-0.233578	6.92991	11.6241	0.144762	
4.94766	-0.31477	0.827696	0.47749	6.58635	-1.57819	-0.265291	6.93384	11.6311	0.143537	
4.96856	-0.307651	0.836105	0.477435	6.58164	-1.60315	-0.290731	6.93964	11.6383	0.142582	
4.97868	-0.302031	0.843047	0.477417	6.61641	-1.62306	-0.312438	6.95105	11.6437	0.14021	
5.00269	-0.294793	0.851795	0.477401	6.60911	-1.6508	-0.340717	6.99934	11.6495	0.13819	
5.01726	-0.288219	0.859766	0.477385	7.23526	-1.64208	-0.367419	7.04817	11.6474	0.130023	
5.05277	-0.276912	0.87316	0.477374	7.1735	-1.68941	-0.414496	7.08108	11.6494	0.127848	
5.07596	-0.26607	0.886119	0.477359	7.40351	-1.71598	-0.462899	7.10059	11.6479	0.122401	
5.10624	-0.253276	0.90142	0.476294	6.93709	-1.81134	-0.522361	7.12149	11.6585	0.126873	
5.12277	-0.243588	0.913163	0.47563	6.84449	-1.86488	-0.57142	7.13137	11.6646	0.12674	
5.15437	-0.234658	0.923531	0.475545	6.86514	-1.9083	-0.618364	7.1476	11.67	0.125634	
5.15756	-0.226695	0.933312	0.475101	7.10838	-1.93538	-0.664582	7.18275	11.673	0.122083	
5.20603	-0.209231	0.953594	0.474639	7.07197	-2.03597	-0.770337	7.21939	11.6707	0.114069	
5.23716	-0.198196	0.966577	0.474077	7.0999	-2.1036	-0.844673	7.25247	11.6702	0.106768	
5.26291	-0.187816	0.978807	0.473984	6.98048	-2.18589	-0.922637	7.27759	11.6712	0.10116	
5.28819	-0.176949	0.99163	0.473806	7.07536	-2.26	-1.01237	7.26159	11.6772	0.0996394	
5.3145	-0.167474	1.00279	0.473615	7.09422	-2.33583	-1.09857	7.23288	11.6837	0.0986054	
5.36374	-0.154091	1.01833	0.473575	7.05719	-2.46107	-1.23538	7.24441	11.6907	0.0981835	
5.39263	-0.141786	1.0327	0.472539	7.17525	-2.57117	-1.37799	7.29663	11.6963	0.0965181	
5.42136	-0.137313	1.03293	0.457556	7.19856	-2.54396	-1.30183	7.34117	11.7026	0.0989721	
5.44006	-0.14043	1.02286	0.429187	7.09135	-2.43966	-1.09411	7.37753	11.71	0.105424	
5.44896	-0.144222	1.01434	0.40017	7.1097	-2.33622	-0.935004	7.38364	11.7175	0.111173	
5.46233	-0.14377	1.00977	0.372133	6.90307	-2.29026	-0.828199	7.37774	11.7278	0.118693	
5.47537	-0.140669	1.00427	0.341273	6.5757	-2.22547	-0.729881	7.4027	11.7387	0.130322	
5.46898	-0.154047	0.982527	0.290699	6.62781	-2.07289	-0.532619	7.45307	11.7453	0.138509	
5.47185	-0.163882	0.967673	0.245382	6.59708	-1.97655	-0.40321	7.48225	11.7516	0.144859	
5.49189	-0.159144	0.976432	0.229197	7.09601	-1.96431	-0.414813	7.54951	11.7534	0.14239	
5.51035	-0.148449	0.988656	0.21661	6.66102	-2.0173	-0.451279	7.58756	11.7642	0.148317	
5.51993	-0.142797	0.995023	0.201843	6.84712	-2.01588	-0.46196	7.58848	11.7702	0.149921	
5.53264	-0.136882	0.99782	0.181228	6.78484	-2.00143	-0.456888	7.63955	11.7786	0.155459	
5.57021	-0.123868	1.01732	0.180394	6.74004	-2.09215	-0.544226	7.67169	11.7871	0.155781	
5.57093	-0.119081	1.02536	0.180192	6.68835	-2.13253	-0.583228	7.65256	11.796	0.155501	
5.59336	-0.108173	1.04228	0.179933	6.78501	-2.20926	-0.672002	7.64177	11.804	0.15442	
5.61798	-0.0979455	1.05761	0.179081	6.7865	-2.29035	-0.760575	7.62711	11.8124	0.153963	
5.62783	-0.091716	1.06213	0.168814	6.12088	-2.31384	-0.775524	7.62607	11.8245	0.160067	
5.6354	-0.0891929	1.06034	0.154129	6.1043	-2.26157	-0.741072	7.67849	11.8334	0.165163	
5.64098	-0.0868328	1.05653	0.136683	6.1498	-2.19146	-0.695427	7.74562	11.8416	0.171178	
5.64329	-0.0851351	1.05144	0.116364	6.32567	-2.11561	-0.641722	7.80882	11.8497	0.176995	
5.64873	-0.0840842	1.04972	0.103507	6.75218	-2.07256	-0.616446	7.86819	11.8556	0.178119	
5.65529	-0.0822167	1.04643	0.0867574	6.56301	-2.04176	-0.579764	7.93941	11.8637	0.182785	
5.6682	-0.0802184	1.04598	0.0742897	6.48668	-2.02847	-0.563962	7.97143	11.8711	0.18579	
5.66821	-0.0801201	1.04357	0.0631357	6.43909	-2.00364	-0.541323	7.97053	11.8774	0.187173	
5.68094	-0.0753516	1.04923	0.0606257	7.72361	-1.93018	-0.567036	8.03715	11.8687	0.169718	
5.7018	-0.0718089	1.05402	0.0562901	7.85104	-1.93275	-0.586917	8.08875	11.8705	0.162545	
5.69356	-0.0731092	1.05148	0.0441508	7.64771	-1.9468	-0.565022	8.14121	11.8814	0.165528	
5.70181	-0.0736036	1.04932	0.0321577	7.63194	-1.93804	-0.548505	8.20032	11.8873	0.164829	
5.79772	-0.0700998	1.05469	0.0317094	7.58433	-1.97026	-0.575302	8.29557	11.8857	0.155464	
5.7138	-0.0682129	1.05834	0.0314693	7.20089	-2.02846	-0.594016	8.36174	11.8988	0.157429	
5.72695	-0.0652788	1.06257	0.0308329	7.19089	-2.05123	-0.616203	8.41741	11.9048	0.152355	
5.72813	-0.0620847	1.06759	0.0297674	7.21228	-2.07639	-0.64272	8.45728	11.9102	0.146961	
5.73326	-0.0607804	1.06989	0.0284013	6.96475	-2.10771	-0.654478	8.49894	11.9199	0.144802	
5.73679	-0.0600879	1.07124	0.0280194	7.03298	-2.11044	-0.661717	8.57718	11.9259	0.140087	
5.75234	-0.0583294	1.07345	0.0276533	7.06063	-2.1208	-0.674046	8.64689	11.9345	0.138098	
5.74873	-0.0584691	1.07388	0.0263132	6.99771	-2.12925	-0.675287	8.7086	11.9371	0.130142	
5.74992	-0.0575628	1.07549	0.0250659	7.07899	-2.13486	-0.683425	8.76997	11.9461	0.126798	
5.77083	-0.056852	1.07644	0.0236784	6.91884	-2.15086	-0.687667	8.82504	11.9506	0.120066	
5.80236	-0.0546164	1.07926	0.0222614	6.14724	-2.20008	-0.702421	8.84592	11.9596	0.11883	
5.79193	-0.0540346	1.08091	0.0197711	6.15091	-2.21003	-0.709199	8.83838	11.9661	0.114864	
5.76179	-0.0537833	1.08247	0.0177553	6.12527	-2.22018	-0.7162	8.86809	11.9726	0.111089	
5.76751	-0.0512292	1.08601	0.0163602	6.1762	-2.23858	-0.736172	8.90866	11.9806	0.107483	
5.78008	-0.0475842	1.09056	0.0155178	6.10527	-2.26677	-0.763691	8.93621	11.9935	0.107068	
5.79343	-0.0432086	1.09582	0.0154631	6.10134	-2.29631	-0.797882	8.94504	12.0048	0.105656	
5.8003	-0.0404275	1.09947	0.0141181	6.03872	-2.31944	-0.82116	8.96283	12.0163	0.104604	
5.79213	-0.0383511	1.10219	0.0139647	6.30096	-2.32703	-0.839775	8.97512	12.0259	0.101714	
5.80244	-0.0359306	1.10517	0.0129295	6.62733	-2.32988	-0.859756	8.98177	12.0318	0.0968737	
5.80426	-0.0334435	1.10836	0.012234	6.68321	-2.3471	-0.88211	8.98859	12.041	0.0947762	
5.80995	-0.0308786	1.11151	0.0121064	6.72071	-2.3643	-0.905345	8.99517	12.0513	0.094412	
5.82537	-0.0262312	1.11707	0.0117852	6.7093	-2.3995	-0.947716	9.01061	12.0594	0.0916403	
5.83506	-0.0229031	1.12107	0.0109091	6.70129	-2.42525	-0.978749	9.02566	12.067	0.0884927	
5.86794	-0.015685	1.12907	0.0106746	6.73491	-2.47458	-1.04625	9.03247	12.0769	0.0873626	
5.85008	-0.0189699	1.12573	0.00337447	6.80459	-2.4415	-1.00711	9.01367	12.0865	0.0863173	
5.86571	-0.0222311	1.12142	-0.00511683	7.02833	-2.38881	-0.959292	8.98967	12.0947	0.0842946	
5.85657	-0.0189493	1.12402	-0.00647971	7.17727	-2.38301	-0.978296	8.98205	12.1031	0.0824237	
5.87558	-0.0169069	1.12534	-0.00920824	7.19236	-2.38418	-0.985627	9.00545	12.1078	0.0771153	
5.86722	-0.0180356	1.12447	-0.0118671	6.72682	-2.40998	-0.974942	9.03715	12.1125	0.0724356	
5.86418	-0.0169088	1.12571	-0.0125634	6.72807	-2.41785	-0.984051	9.04527	12.1148	0.0651337	
5.87157	-0.0126933	1.13007	-0.0135826	6.55831	-2.45382	-1.01945	9.05218	12.1158	0.057474	
5.87022	-0.0138252	1.12732	-0.0217295	6.61391	-2.42339	-0.986093	9.05831	12.1181	0.0508012	
5.88706	-0.0121166	1.12841	-0.0244647	6.36641	-2.43545	-0.990754	9.06294	12.1231	0.0454184	
5.91367	-0.00965315	1.13123	-0.0265536	6.43361	-2.4533	-1.01135	9.05639	12.1269	0.0389286	
5.93821	-0.00659065	1.13509	-0.0273987	6.75737	-2.46918	-1.04331	9.0504	12.1245	0.0258341	
5.93939	-0.00188829	1.14156	-0.0279471	6.80594	-2.52118	-1.10131	9.04177	12.1226	0.0130818	
5.92408	0.00261782	1.14817	-0.0288709	6.82073	-2.57996	-1.16383	9.06014	12.1196	-0.000357206	
5.9268	0.00521888	1.15212	-0.0325456	6.57013	-2.63392	-1.19889	9.07071	12.1196	-0.00875828	
5.94689	0.00933771	1.15688	-0.0328952	6.84855	-2.66073	-1.24961	9.0775	12.1139	-0.0225796	
5.95613	0.0149698	1.16245	-0.0372093	6.76165	-2.71298	-1.30452	9.07463	12.1118	-0.0339994	
5.97137	0.0117685	1.1555	-0.0550605	7.0599	-2.60252	-1.19432	9.09645	12.104	-0.0491904	
5.97233	0.0123045	1.15659	-0.056878	7.06539	-2.61237	-1.20284	9.11918	12.0941	-0.0687258	
5.98851	0.0139548	1.15868	-0.0569105	6.93683	-2.64385	-1.22514	9.13342	12.085	-0.087848	
5.97339	0.0150812	1.16056	-0.0570287	6.62969	-2.68535	-1.24555	9.14856	12.093	-0.0917757	
5.97037	0.0183548	1.16489	-0.0593361	6.66245	-2.72507	-1.28872	9.14037	12.1053	-0.0916893	
5.97935	0.0155383	1.16027	-0.0699942	6.83957	-2.64209	-1.21221	9.12928	12.1146	-0.0905551	
5.98727	0.0114337	1.15464	-0.0832812	7.39016	-2.52993	-1.1296	9.12222	12.1206	-0.092995	
5.99689	0.0116009	1.15564	-0.0851238	7.3475	-2.54406	-1.13692	9.12675	12.129	-0.0942224	
5.98986	0.0128806	1.15759	-0.0851617	8.26914	-2.42413	-1.15641	9.12844	12.1212	-0.111964	
5.99897	0.0139136	1.15901	-0.0854323	8.32708	-2.42642	-1.17047	9.12179	12.1273	-0.117741	
6.02341	0.0150427	1.16037	-0.0856204	8.39322	-2.42462	-1.18427	9.1164	12.1315	-0.125366	
6.02893	0.0155174	1.16128	-0.0863255	8.29875	-2.45706	-1.19283	9.11395	12.1392	-0.12939	
6.04618	0.0163728	1.16223	-0.0867966	8.05049	-2.51585	-1.20218	9.11522	12.1502	-0.129652	
6.01929	0.0167522	1.16338	-0.0869745	7.95389	-2.54477	-1.21434	9.12767	12.1577	-0.134028	
6.04024	0.0173687	1.16414	-0.0870691	7.94623	-2.55443	-1.22235	9.13919	12.1598	-0.143333	
6.07371	0.0185075	1.16517	-0.0873604	7.81672	-2.5852	-1.23321	9.13588	12.1604	-0.151705	
6.09601	0.0189348	1.1663	-0.08761	7.97801	-2.57057	-1.24543	9.14678	12.1588	-0.160223	
6.0336	0.0209049	1.16959	-0.0880245	7.89362	-2.61659	-1.28213	9.14848	12.1605	-0.164097	
6.05478	0.0224119	1.17158	-0.0883509	7.85833	-2.64328	-1.30514	9.14475	12.1602	-0.17016	
6.04097	0.0234996	1.17332	-0.0886058	7.81785	-2.66747	-1.32555	9.12344	12.1588	-0.175994	
6.04431	0.0240438	1.17442	-0.0895233	7.91255	-2.66464	-1.33701	9.12249	12.1582	-0.180958	
6.05585	0.0256116	1.17677	-0.0903879	7.81095	-2.70656	-1.36454	9.11557	12.1458	-0.196332	
6.0625	0.0274706	1.17945	-0.0907274	7.8777	-2.72498	-1.39839	9.08883	12.132	-0.213271	
6.08156	0.0338828	1.18834	-0.090834	7.84501	-2.83238	-1.52321	9.06504	12.1206	-0.227859	
6.07994	0.0388488	1.19556	-0.0911316	8.02954	-2.88342	-1.63784	9.03916	12.112	-0.239414	
6.0874	0.0331982	1.19062	-0.105326	8.05167	-2.81624	-1.52066	9.0156	12.1109	-0.243025	
6.0799	0.0268409	1.18546	-0.118564	8.05858	-2.75389	-1.41886	9.00626	12.1117	-0.244777	
6.07807	0.0254446	1.18468	-0.121058	8.12362	-2.73301	-1.40303	9.00532	12.1132	-0.246824	
6.08072	0.0209533	1.18011	-0.126434	7.95151	-2.72573	-1.33463	9.01241	12.1161	-0.246884	
6.06996	0.00702192	1.16611	-0.141816	7.76503	-2.63156	-1.15337	9.0102	12.1194	-0.246809	
6.07099	0.00475193	1.16458	-0.145734	8.1151	-2.56082	-1.13267	8.99804	12.1147	-0.254549	
6.09953	0.0052188	1.16535	-0.14728	8.23023	-2.545	-1.13827	8.99474	12.114	-0.259181	
6.10311	0.00533487	1.16609	-0.149731	7.91608	-2.60527	-1.14231	8.98852	12.1221	-0.255181	
6.11283	0.00565397	1.16706	-0.151399	7.78667	-2.63087	-1.1494	8.98381	12.126	-0.254891	
6.12069	0.00507345	1.16689	-0.154315	7.86023	-2.61482	-1.14355	8.99287	12.1239	-0.259895	
6.10526	0.00123058	1.16378	-0.160011	7.8616	-2.58584	-1.10228	8.97909	12.1232	-0.264027	
6.10893	0.000372468	1.16357	-0.162151	8.00677	-2.56149	-1.09628	8.96525	12.12	-0.271041	
6.10115	0.000800035	1.16484	-0.16283	8.13439	-2.54983	-1.10727	8.91083	12.1154	-0.278993	
6.11729	0.00147862	1.16602	-0.163535	8.1151	-2.56166	-1.1174	8.90512	12.1088	-0.28738	
6.10762	0.00219145	1.16763	-0.164359	8.0184	-2.59018	-1.13163	8.85362	12.1108	-0.287043	
6.09413	-0.00113291	1.16475	-0.170129	8.08024	-2.55067	-1.09453	8.86596	12.104	-0.295276	
6.10019	-0.0169154	1.14989	-0.201814	7.94838	-2.43125	-0.927515	8.88783	12.0991	-0.299327	
6.10837	-0.0267735	1.14243	-0.227615	7.93377	-2.36594	-0.850365	8.91443	12.0973	-0.300615	
6.10538	-0.0316224	1.13965	-0.250708	8.22785	-2.30087	-0.82821	8.91842	12.0896	-0.307302	
6.10809	-0.0415338	1.1322	-0.27898	8.2599	-2.25694	-0.778127	8.95984	12.0887	-0.308063	
6.10218	-0.0437609	1.13276	-0.291183	8.0776	-2.28838	-0.782257	8.98069	12.0895	-0.308481	
6.13352	-0.043923	1.13345	-0.297928	8.06287	-2.29542	-0.78714	8.9908	12.0848	-0.315004	
6.12518	-0.0433668	1.13516	-0.298446	7.86978	-2.33004	-0.798903	9.00056	12.0872	-0.3154	
6.12749	-0.041988	1.13751	-0.298829	7.87792	-2.34418	-0.815292	9.00416	12.0868	-0.318679	
6.13439	-0.0401754	1.14048	-0.29935	8.2005	-2.32098	-0.836408	9.00777	12.0799	-0.328486	
6.14322	-0.038801	1.14287	-0.300392	8.18658	-2.33798	-0.853676	9.01022	12.076	-0.334437	
6.13821	-0.0377924	1.14516	-0.301576	8.17342	-2.35487	-0.870418	9.01099	12.0749	-0.337507	
6.14812	-0.0361133	1.14815	-0.303028	8.18452	-2.37239	-0.892704	8.96212	12.0728	-0.341337	
6.14524	-0.0346437	1.15107	-0.304154	8.51031	-2.33194	-0.91486	8.93615	12.063	-0.352951	
6.15133	-0.033385	1.15354	-0.30648	7.96883	-2.43908	-0.933187	8.89856	12.074	-0.343827	
6.16277	-0.0336553	1.15388	-0.309991	8.41777	-2.36711	-0.933859	8.88303	12.0638	-0.355853	
6.16184	-0.0328652	1.15566	-0.311084	8.20676	-2.41691	-0.947744	8.87314	12.0667	-0.354183	
6.17428	-0.031251	1.15819	-0.311242	8.19775	-2.4369	-0.968567	8.86397	12.0658	-0.357396	
6.16974	-0.0293904	1.16119	-0.311428	7.89639	-2.50389	-0.993944	8.84118	12.0717	-0.35393	
6.16637	-0.0244613	1.16943	-0.311696	7.97844	-2.55605	-1.06774	8.83763	12.0692	-0.358778	
6.17823	-0.0197603	1.17684	-0.312013	7.99775	-2.61395	-1.13944	8.84232	12.0679	-0.362394	
6.17921	-0.0185296	1.17882	-0.312064	7.78104	-2.66387	-1.15968	8.84268	12.071	-0.36163	
6.20502	-0.0171848	1.18024	-0.312125	7.61797	-2.69777	-1.17446	8.84416	12.0731	-0.361769	
6.2085	-0.0161152	1.18203	-0.312344	7.63157	-2.71293	-1.19309	8.80882	12.0743	-0.36275	
6.19623	-0.0155936	1.18341	-0.312736	7.20106	-2.77175	-1.20744	8.76566	12.0812	-0.359048	
6.21647	-0.0105539	1.19103	-0.313149	7.225	-2.84768	-1.29378	8.70525	12.078	-0.36517	
6.21056	-0.00716337	1.19681	-0.31362	7.28407	-2.90589	-1.36483	8.66625	12.0742	-0.37174	
6.22542	-0.00694479	1.19725	-0.314518	7.50719	-2.88463	-1.36846	8.61161	12.0659	-0.382803	
6.21106	-0.00697755	1.19797	-0.315421	7.63595	-2.87403	-1.37573	8.57807	12.0579	-0.393528	
6.21767	-0.00567084	1.19998	-0.31577	7.62697	-2.89676	-1.40163	8.54224	12.0401	-0.413464	
6.22186	-0.00505474	1.20129	-0.316983	7.79082	-2.88411	-1.41651	8.50948	12.0164	-0.439019	
6.21699	-0.00610614	1.20068	-0.318639	7.74041	-2.88474	-1.40414	8.46645	12.008	-0.449707	
6.21626	-0.00566788	1.20166	-0.318942	7.79402	-2.88704	-1.41668	8.422	11.9979	-0.462356	
6.21961	-0.00507226	1.20258	-0.319047	7.87238	-2.88391	-1.42906	8.40739	11.9767	-0.485883	
6.22092	-0.00414425	1.20403	-0.31913	7.82678	-2.90847	-1.44926	8.40441	11.9585	-0.505941	
6.23253	-0.00321494	1.20528	-0.319234	7.3801	-2.99043	-1.46689	8.37383	11.9524	-0.513844	
6.2204	-0.00262093	1.20657	-0.31927	7.49797	-2.99195	-1.48556	8.35371	11.9482	-0.520207	
6.22446	-0.00184602	1.20775	-0.319306	8.06853	-2.9052	-1.50303	8.33312	11.9324	-0.538239	
6.24474	-0.000615432	1.20921	-0.319333	7.7907	-2.97959	-1.52517	8.29727	11.9323	-0.540513	
6.23909	0.000118071	1.21056	-0.31934	7.71025	-3.01152	-1.54617	8.26523	11.9291	-0.545934	
6.23848	0.000987003	1.21196	-0.319347	7.66543	-3.03798	-1.5685	8.19294	11.9257	-0.551582	
6.2304	0.00124185	1.21268	-0.319483	8.03389	-2.9738	-1.5797	8.16018	11.8912	-0.587867	
6.23911	0.00170186	1.21333	-0.319579	8.25079	-2.92807	-1.59008	8.12571	11.88	-0.600956	
6.22936	0.00193516	1.21394	-0.319712	8.21283	-2.94611	-1.59983	8.09249	11.8746	-0.608275	
6.25639	0.00376823	1.21703	-0.320439	8.19401	-2.98981	-1.65019	8.19285	11.8664	-0.618539	
6.24388	0.00521072	1.21976	-0.321252	7.80663	-3.12003	-1.69658	8.2361	11.8707	-0.616485	
6.26097	0.00738032	1.22297	-0.32144	7.64027	-3.20286	-1.75698	8.26166	11.8732	-0.616393	
6.2752	0.00881507	1.22524	-0.321723	7.83929	-3.19661	-1.8016	8.3122	11.8652	-0.62666	
6.27563	0.00994901	1.22705	-0.321744	7.87673	-3.21594	-1.83968	8.35714	11.8597	-0.633887	
6.27219	0.0110209	1.22881	-0.321754	7.89266	-3.24106	-1.87815	8.38747	11.8538	-0.641316	
6.27776	0.0129005	1.23173	-0.321831	7.93057	-3.28106	-1.94543	8.40485	11.8505	-0.646271	
6.28683	0.0148635	1.23471	-0.321894	7.9039	-3.34234	-2.01937	8.4142	11.8491	-0.649437	
6.29367	0.0166298	1.23743	-0.321994	7.68379	-3.45553	-2.09199	8.41754	11.8475	-0.652585	
6.30507	0.0176104	1.23902	-0.322427	7.56835	-3.51715	-2.13483	8.41842	11.8385	-0.662959	
6.31077	0.0172747	1.23913	-0.323811	7.57305	-3.51554	-2.13011	8.44275	11.8299	-0.67269	
6.32762	0.0160587	1.2378	-0.325543	7.70209	-3.45211	-2.08272	8.43785	11.8199	-0.683905	
6.28233	-0.0393432	1.18081	-0.391666	7.82206	-2.59971	-1.03586	8.50216	11.8153	-0.685281	
6.21508	-0.0978266	1.12526	-0.467254	7.94816	-2.18532	-0.574923	8.57211	11.8092	-0.686775	
6.18473	-0.15837	1.06323	-0.559736	7.88834	-1.90735	-0.272247	8.62181	11.8077	-0.68215	
6.18595	-0.157072	1.0686	-0.591023	7.9628	-1.90317	-0.286846	8.6247	11.8049	-0.678829	
6.176	-0.156278	1.07493	-0.623079	8.14692	-1.90218	-0.309489	8.65474	11.7987	-0.680722	
6.16596	-0.183593	1.04978	-0.689812	8.05397	-1.8177	-0.209855	8.68701	11.7984	-0.676459	
6.12574	-0.244047	0.992537	-0.792097	7.76357	-1.66137	-0.0138619	8.72198	11.7938	-0.677701	
6.07935	-0.299024	0.941972	-0.897298	7.78985	-1.53754	0.118348	8.73807	11.7889	-0.679406	
6.07255	-0.30021	0.948976	-0.921534	7.70731	-1.55659	0.102942	8.73684	11.7904	-0.677953	
6.08935	-0.298831	0.955419	-0.953157	7.76845	-1.56881	0.085444	8.73235	11.7892	-0.679194	
6.09689	-0.295801	0.961017	-0.95583	7.56252	-1.59155	0.0714451	8.71923	11.7935	-0.677005	
6.08644	-0.292251	0.968514	-0.956954	7.70285	-1.60421	0.052704	8.70227	11.7913	-0.682067	
6.10237	-0.289301	0.97261	-0.957008	7.44833	-1.62354	0.0424041	8.69445	11.7909	-0.685883	
6.10527	-0.282622	0.982723	-0.957511	7.49528	-1.64701	0.0163042	8.68543	11.7882	-0.691454	
6.11548	-0.276511	0.992074	-0.957782	7.42395	-1.67424	-0.0087185	8.67877	11.7923	-0.691945	
6.12749	-0.269453	1.0026	-0.958099	7.04602	-1.7136	-0.0379438	8.68576	11.7996	-0.689247	
6.13729	-0.263341	1.01172	-0.958187	7.08713	-1.73816	-0.0642252	8.69437	11.8027	-0.690866	
6.14612	-0.279585	0.996398	-1.00153	7.1773	-1.69569	-0.0251324	8.71218	11.8034	-0.692903	
6.16627	-0.26319	1.01809	-1.01957	7.11596	-1.75075	-0.0902565	8.72213	11.8071	-0.689047	
6.18715	-0.245133	1.03961	-1.0374	7.16084	-1.80877	-0.16035	8.72061	11.8104	-0.686056	
6.21054	-0.228732	1.06386	-1.03923	7.35983	-1.8855	-0.245376	8.71145	11.8076	-0.692384	
6.20798	-0.22231	1.07341	-1.05647	7.2849	-1.91696	-0.28311	8.70317	11.8089	-0.693211	
6.22269	-0.211012	1.08454	-1.08735	7.32428	-1.94522	-0.33098	8.68926	11.812	-0.687208	
6.23714	-0.203106	1.09272	-1.11879	7.40756	-1.96689	-0.369362	8.67639	11.8143	-0.68336	
6.2429	-0.199814	1.09287	-1.15387	7.34447	-1.96792	-0.382099	8.66575	11.8185	-0.677432	
6.25168	-0.196844	1.09744	-1.15587	7.14229	-1.99907	-0.403035	8.66351	11.8236	-0.675792	
6.26418	-0.193659	1.10103	-1.15781	7.20433	-2.01291	-0.419898	8.65488	11.8262	-0.677667	
6.30884	-0.185141	1.1062	-1.17476	7.13136	-2.0363	-0.449228	8.65521	11.8296	-0.675868	
6.31129	-0.180103	1.11003	-1.19289	7.07486	-2.05551	-0.473252	8.65214	11.8322	-0.673297	
6.27483	-0.191548	1.09915	-1.22294	7.08472	-2.01774	-0.431218	8.6643	11.8334	-0.672296	
6.28393	-0.184667	1.10508	-1.24012	7.25504	-2.04001	-0.468419	8.66772	11.8334	-0.671597	
6.31409	-0.17189	1.12205	-1.24092	7.58687	-2.10733	-0.554981	8.66906	11.83	-0.677401	
6.31917	-0.161082	1.13787	-1.24121	7.66781	-2.18619	-0.644374	8.65885	11.8297	-0.681575	
6.33709	-0.149234	1.15389	-1.24147	7.52364	-2.29015	-0.745412	8.64796	11.8312	-0.683771	
6.35352	-0.139849	1.16579	-1.24451	7.30777	-2.3781	-0.829906	8.63716	11.8267	-0.690516	
6.35576	-0.143992	1.15997	-1.26614	7.2422	-2.34276	-0.796381	8.63257	11.8172	-0.699041	
6.35446	-0.152086	1.14781	-1.29638	7.14701	-2.2707	-0.721024	8.61239	11.8094	-0.7048	
6.35456	-0.154535	1.14243	-1.31986	7.16969	-2.23908	-0.693141	8.59449	11.8031	-0.710113	
6.32243	-0.193923	1.09144	-1.39306	7.08697	-2.03612	-0.461472	8.58803	11.8001	-0.710687	
6.31929	-0.20261	1.08491	-1.42313	7.05717	-2.00961	-0.432782	8.5823	11.7979	-0.712437	
6.36974	-0.190295	1.10128	-1.42778	7.01752	-2.08786	-0.511327	8.5667	11.7953	-0.717008	
6.36584	-0.178595	1.11729	-1.42811	6.94061	-2.17215	-0.595842	8.54355	11.7932	-0.721991	
6.36433	-0.175707	1.12141	-1.42819	6.97184	-2.19365	-0.619007	8.50885	11.7903	-0.727929	
6.36469	-0.173118	1.12512	-1.42828	6.9514	-2.215	-0.640413	8.4792	11.7882	-0.733265	
6.36926	-0.170253	1.12892	-1.42843	6.54081	-2.24942	-0.662942	8.44787	11.7951	-0.730819	
6.37317	-0.167114	1.13383	-1.42863	6.53524	-2.27866	-0.692936	8.43099	11.7993	-0.731253	
6.36241	-0.165882	1.13637	-1.4287	6.77534	-2.28681	-0.708899	8.39948	11.7978	-0.736354	
6.3691	-0.163775	1.13908	-1.42881	6.87779	-2.30076	-0.726256	8.37335	11.8005	-0.738156	
6.37268	-0.161022	1.14297	-1.42929	6.68498	-2.33183	-0.751774	8.34875	11.8059	-0.737668	
6.3812	-0.157568	1.14716	-1.42946	6.51931	-2.363	-0.78011	8.30938	11.8036	-0.743197	
6.38451	-0.155208	1.15052	-1.42972	6.79988	-2.37868	-0.803467	8.28019	11.8067	-0.7457	
6.3858	-0.153042	1.1537	-1.43008	6.73809	-2.40224	-0.826224	8.25189	11.8115	-0.746551	
6.39533	-0.150304	1.15696	-1.43025	6.7371	-2.42534	-0.850166	8.21983	11.816	-0.747237	
6.39576	-0.147895	1.16033	-1.43045	6.90658	-2.44373	-0.875613	8.17424	11.8194	-0.748819	
6.3982	-0.14528	1.16393	-1.43069	6.47601	-2.48493	-0.903653	8.12194	11.8252	-0.747765	
6.39486	-0.142914	1.1677	-1.4308	6.96309	-2.49839	-0.934019	8.07692	11.8255	-0.753436	
6.39879	-0.140563	1.17093	-1.43123	6.90017	-2.52609	-0.961026	8.03707	11.8191	-0.764196	
6.41945	-0.12905	1.18601	-1.43155	6.89844	-2.65613	-1.09812	8.008	11.8122	-0.775328	
6.43921	-0.119664	1.19798	-1.43156	6.78408	-2.78055	-1.22397	7.99102	11.8051	-0.787117	
6.45739	-0.112661	1.20665	-1.43211	6.72436	-2.88029	-1.32733	7.97851	11.7986	-0.798436	
6.45472	-0.111532	1.20846	-1.43266	6.6473	-2.90785	-1.3504	7.96418	11.801	-0.802996	
6.46209	-0.109933	1.21026	-1.43305	6.8972	-2.91768	-1.37388	7.94421	11.8068	-0.805718	
6.46316	-0.108714	1.212	-1.43359	6.65918	-2.95024	-1.39725	7.92606	11.8112	-0.807131	
6.46565	-0.107524	1.2136	-1.43418	6.39497	-2.98414	-1.41928	7.90472	11.8169	-0.807871	
6.46991	-0.10686	1.2146	-1.43547	6.83245	-2.97627	-1.43297	7.88265	11.8173	-0.814062	
6.46791	-0.105977	1.216	-1.43592	6.39744	-3.01645	-1.45306	7.86546	11.8238	-0.814058	
6.47305	-0.103129	1.21973	-1.43701	6.14472	-3.07746	-1.50844	7.84751	11.8295	-0.814291	
6.45817	-0.120831	1.1997	-1.46223	6.15149	-2.82799	-1.24589	7.83645	11.8341	-0.813193	
6.45809	-0.122515	1.19764	-1.47097	6.47261	-2.79279	-1.22576	7.81564	11.8368	-0.813872	
6.45919	-0.123091	1.19716	-1.47396	6.54629	-2.78709	-1.22154	7.7995	11.84	-0.816085	
6.46266	-0.121345	1.1993	-1.47442	6.69376	-2.80449	-1.24597	7.78017	11.8421	-0.819869	
6.47508	-0.113978	1.20867	-1.4748	6.96875	-2.89771	-1.36117	7.77217	11.8447	-0.822248	
6.48234	-0.116575	1.20538	-1.48774	7.26583	-2.83581	-1.32593	7.78541	11.8461	-0.823891	
6.46726	-0.129772	1.18734	-1.52068	7.20416	-2.66522	-1.15638	7.78435	11.8511	-0.816883	
6.45418	-0.140646	1.17005	-1.5547	6.98072	-2.53654	-1.0282	7.78603	11.8598	-0.805981	
6.41491	-0.180274	1.11933	-1.62537	6.49921	-2.24442	-0.705854	7.81299	11.8651	-0.795938	
6.41038	-0.179334	1.1141	-1.6498	6.93609	-2.21114	-0.695405	7.80016	11.8637	-0.794734	
6.4113	-0.183631	1.10877	-1.66142	6.89414	-2.18989	-0.666907	7.79735	11.8637	-0.797144	
6.4199	-0.17799	1.11345	-1.66863	6.47094	-2.22398	-0.697151	7.79171	11.868	-0.795624	
6.43076	-0.1733	1.11879	-1.67205	6.44325	-2.25916	-0.731478	7.81262	11.8703	-0.797207	
6.4374	-0.167623	1.12585	-1.67328	6.33526	-2.30768	-0.77819	7.82187	11.8758	-0.798821	
6.44258	-0.164212	1.13019	-1.67397	6.3079	-2.33833	-0.807974	7.81374	11.8836	-0.799879	
6.44413	-0.162742	1.13212	-1.67424	6.592	-2.34589	-0.821606	7.81019	11.8895	-0.802474	
6.44558	-0.161596	1.13363	-1.67432	7.0033	-2.34498	-0.832295	7.80896	11.8922	-0.807805	
6.45238	-0.159339	1.13631	-1.67435	7.06849	-2.3616	-0.85166	7.82289	11.8986	-0.809914	
6.45224	-0.158412	1.13767	-1.67437	7.41507	-2.35668	-0.861627	7.79528	11.9023	-0.813843	
6.44978	-0.157188	1.13944	-1.67439	7.2848	-2.3772	-0.874864	7.75634	11.9108	-0.812929	
6.45141	-0.154963	1.14241	-1.67442	6.80242	-2.4173	-0.89736	7.72717	11.9217	-0.809719	
6.46159	-0.150559	1.14791	-1.67476	6.68324	-2.46242	-0.940626	7.73097	11.9289	-0.810344	
6.46849	-0.148018	1.15123	-1.67538	7.63934	-2.44566	-0.967688	7.74832	11.925	-0.821833	
6.47584	-0.146107	1.1538	-1.67672	7.46983	-2.47764	-0.989432	7.76569	11.9309	-0.823631	
6.45753	-0.168991	1.13045	-1.70735	7.54417	-2.3198	-0.808578	7.75315	11.9285	-0.830803	
6.43393	-0.195647	1.10372	-1.74263	7.43239	-2.18002	-0.640798	7.74402	11.9292	-0.83371	
6.39686	-0.228617	1.07065	-1.78655	7.48171	-2.03005	-0.47339	7.75915	11.9304	-0.835959	
6.33977	-0.288693	1.01046	-1.86299	7.81338	-1.81298	-0.244484	7.82295	11.9154	-0.854554	
6.3421	-0.289516	1.01208	-1.88154	7.83785	-1.82245	-0.254259	7.85277	11.91	-0.864449	
6.35519	-0.288066	1.01457	-1.88378	7.79044	-1.83449	-0.263614	7.92902	11.9003	-0.88009	
6.35229	-0.285902	1.01754	-1.88411	8.22163	-1.82273	-0.274408	7.91211	11.8763	-0.911497	
6.35672	-0.284574	1.01956	-1.88438	8.06444	-1.83946	-0.281839	7.9199	11.8643	-0.930818	
6.37476	-0.282274	1.02217	-1.8844	8.10799	-1.84655	-0.291501	7.9394	11.8645	-0.938122	
6.38402	-0.280079	1.02512	-1.88442	8.0555	-1.85982	-0.302561	7.96385	11.866	-0.943417	
6.38523	-0.276537	1.03023	-1.88444	8.2914	-1.86482	-0.322073	8.0055	11.8552	-0.961942	
6.37444	-0.27288	1.03534	-1.88446	8.19014	-1.89148	-0.342084	8.04752	11.8618	-0.965655	
6.3719	-0.270097	1.03938	-1.8845	8.21117	-1.90608	-0.358258	8.08467	11.8591	-0.977893	
6.38121	-0.26773	1.04254	-1.88454	8.32256	-1.90981	-0.371146	8.16985	11.8507	-0.993658	
6.41112	-0.253071	1.06186	-1.88469	7.85779	-2.01643	-0.454748	8.242	11.8495	-1.00156	
6.42877	-0.238316	1.0817	-1.88508	7.83131	-2.10828	-0.550595	8.26868	11.8369	-1.01859	
6.44057	-0.230819	1.09253	-1.89185	7.82417	-2.16409	-0.609929	8.30564	11.8237	-1.03545	
6.4392	-0.239904	1.08466	-1.91807	7.87169	-2.13219	-0.577186	8.35927	11.8093	-1.05085	
6.43612	-0.250581	1.07383	-1.95005	7.7418	-2.09832	-0.533788	8.38974	11.8043	-1.0567	
6.43282	-0.265666	1.05839	-1.98683	7.90216	-2.0327	-0.474236	8.42677	11.7907	-1.07102	
6.42446	-0.272391	1.05061	-2.0162	7.64057	-2.01904	-0.45103	8.43409	11.7928	-1.07194	
6.4101	-0.286878	1.03676	-2.0534	7.66877	-1.96632	-0.397639	8.4511	11.7792	-1.08869	
6.43039	-0.293274	1.03052	-2.0871	7.47769	-1.94846	-0.374034	8.43939	11.773	-1.09924	
6.43334	-0.293361	1.03157	-2.09634	7.65117	-1.94725	-0.379203	8.43534	11.7705	-1.10955	
6.43995	-0.287995	1.03892	-2.09657	7.47805	-1.9833	-0.409962	8.4351	11.7755	-1.11393	
6.46237	-0.282113	1.046	-2.09722	7.41505	-2.01535	-0.440738	8.447	11.7798	-1.11873	
6.46481	-0.277483	1.05236	-2.09832	7.18947	-2.0499	-0.46949	8.45016	11.7859	-1.12159	
6.46885	-0.273942	1.05739	-2.10068	7.35417	-2.06886	-0.493052	8.45408	11.7889	-1.1292	
6.45988	-0.272561	1.06014	-2.10482	7.07506	-2.08903	-0.506709	8.46252	11.8027	-1.12639	
6.45271	-0.275895	1.0558	-2.12303	6.72103	-2.07251	-0.488659	8.47366	11.8163	-1.12055	
6.43797	-0.278185	1.05398	-2.13127	6.70093	-2.06551	-0.481406	8.48867	11.8307	-1.12008	
6.42884	-0.284804	1.04097	-2.16637	6.27836	-2.00459	-0.428432	8.49045	11.8487	-1.10995	
6.41986	-0.293187	1.02352	-2.20769	6.39505	-1.92902	-0.364496	8.52183	11.8685	-1.10006	
6.41778	-0.296111	1.01477	-2.2413	6.48154	-1.89383	-0.335914	8.52815	11.8903	-1.0925	
6.41132	-0.294871	1.00348	-2.27779	6.46357	-1.85438	-0.311305	8.53012	11.9111	-1.08038	
6.43823	-0.279802	1.0163	-2.28915	6.73101	-1.9041	-0.368656	8.49595	11.9257	-1.07768	
6.43933	-0.277465	1.01942	-2.29099	6.87378	-1.91694	-0.382493	8.46742	11.9411	-1.08011	
6.43617	-0.275948	1.02159	-2.29123	6.70345	-1.92717	-0.391501	8.43096	11.9506	-1.08192	
6.44538	-0.272899	1.0252	-2.29129	7.56476	-1.9254	-0.406512	8.39012	11.9466	-1.0972	
6.45593	-0.270117	1.02868	-2.29174	7.94988	-1.92672	-0.421523	8.35624	11.9382	-1.11576	
6.45407	-0.266756	1.03304	-2.29218	7.67011	-1.95561	-0.440674	8.30236	11.9463	-1.1183	
6.45592	-0.262814	1.0382	-2.29264	7.42826	-1.98533	-0.463832	8.24826	11.9544	-1.12058	
6.49592	-0.245967	1.05857	-2.29317	7.04952	-2.089	-0.561481	8.2124	11.9641	-1.12106	
6.45765	-0.279303	1.00761	-2.36716	6.98104	-1.93805	-0.403342	8.1835	11.9718	-1.11815	
6.42098	-0.297635	0.988643	-2.39383	7.0747	-1.8914	-0.355458	8.14514	11.9798	-1.11819	
6.42242	-0.294566	0.989939	-2.40001	7.23408	-1.89709	-0.366907	8.10825	11.9824	-1.12552	
6.42706	-0.284292	0.996578	-2.40858	7.44424	-1.92027	-0.402086	8.08332	11.9816	-1.13468	
6.40608	-0.298773	0.964311	-2.4705	7.409	-1.85903	-0.343982	8.05039	11.9831	-1.1384	
6.39089	-0.304736	0.93846	-2.52993	7.19276	-1.82234	-0.316103	8.04559	11.9899	-1.13341	
6.39104	-0.302462	0.930359	-2.57383	7.09373	-1.82821	-0.327371	8.03455	11.9958	-1.12919	
6.39953	-0.287716	0.940191	-2.59875	7.26653	-1.87296	-0.386386	8.03963	11.9968	-1.1297	
6.40428	-0.284445	0.944684	-2.60127	7.31272	-1.89118	-0.405846	8.01951	12.0011	-1.1302	
6.4099	-0.280637	0.948957	-2.60434	7.26955	-1.91116	-0.42569	7.97916	12.0052	-1.13284	
6.41828	-0.279766	0.950196	-2.60523	7.17253	-1.9183	-0.431516	7.96307	12.01	-1.12995	
6.41121	-0.279657	0.950815	-2.61125	7.36079	-1.92229	-0.437657	7.94619	12.0148	-1.13331	
6.42402	-0.277653	0.952398	-2.61609	7.23668	-1.93451	-0.44748	7.92282	12.0223	-1.13411	
6.42231	-0.272572	0.958578	-2.61831	7.23113	-1.96061	-0.474701	7.88556	12.0275	-1.13677	
6.4286	-0.26746	0.964512	-2.61856	7.27229	-1.98424	-0.500181	7.86025	12.0321	-1.14009	
6.43499	-0.26241	0.970418	-2.619	7.27128	-2.00927	-0.526495	7.83572	12.0352	-1.1447	
6.43553	-0.257649	0.976161	-2.62007	7.10968	-2.0383	-0.553361	7.81802	12.0417	-1.14728	
6.43333	-0.259667	0.9734	-2.63034	7.14634	-2.03462	-0.548514	7.79965	12.0506	-1.14717	
6.43592	-0.257765	0.974569	-2.63669	7.15162	-2.04466	-0.558931	7.79438	12.0602	-1.14688	
6.45162	-0.246985	0.98159	-2.65582	7.15254	-2.08752	-0.607987	7.83818	12.0695	-1.14323	
6.45435	-0.244226	0.977467	-2.68657	7.0367	-2.08957	-0.612409	7.87942	12.0772	-1.14026	
6.46314	-0.243676	0.975998	-2.69998	7.07023	-2.0912	-0.615982	7.95943	12.0871	-1.13866	
6.45811	-0.244636	0.9743	-2.70842	7.20134	-2.08741	-0.614417	8.02448	12.094	-1.13932	
6.46185	-0.240816	0.976318	-2.72804	7.20311	-2.11004	-0.640111	8.09446	12.1014	-1.13679	
6.43549	-0.268078	0.942667	-2.78444	7.21283	-2.01638	-0.536707	8.17409	12.1081	-1.13331	
6.43992	-0.265653	0.947292	-2.78586	7.17085	-2.03915	-0.558206	8.23086	12.115	-1.13347	
6.46011	-0.255046	0.960014	-2.79291	6.95373	-2.10465	-0.622231	8.2959	12.1231	-1.13175	
6.4703	-0.249137	0.96664	-2.80548	7.01371	-2.1424	-0.663295	8.33268	12.1294	-1.12963	
6.46909	-0.250154	0.966333	-2.80868	7.83191	-2.12394	-0.663758	8.37619	12.1266	-1.13945	
6.46931	-0.256304	0.960357	-2.82161	7.70348	-2.11095	-0.641828	8.41978	12.1319	-1.14233	
6.45938	-0.269117	0.947746	-2.84294	7.72131	-2.06937	-0.594105	8.46099	12.1381	-1.1459	
6.45289	-0.276017	0.941275	-2.8581	7.29809	-2.06057	-0.572427	8.49869	12.1494	-1.14355	
6.45884	-0.278392	0.940016	-2.87055	7.41098	-2.06062	-0.572949	8.53615	12.1547	-1.1473	
6.4554	-0.280015	0.939301	-2.87692	7.08516	-2.06749	-0.572702	8.55851	12.1659	-1.14579	
6.46635	-0.277133	0.942751	-2.87743	7.13127	-2.0825	-0.588746	8.58411	12.1744	-1.14737	
6.47689	-0.266819	0.955946	-2.87966	7.12754	-2.14469	-0.652874	8.6001	12.1838	-1.14772	
6.4926	-0.258606	0.966658	-2.88327	6.74908	-2.20566	-0.709152	8.61934	12.1947	-1.1461	
6.50445	-0.250042	0.977862	-2.88541	6.59018	-2.26848	-0.771732	8.63941	12.2033	-1.14592	
6.52044	-0.246597	0.983062	-2.89238	6.71299	-2.29915	-0.803983	8.6612	12.2105	-1.14668	
6.53256	-0.240763	0.990517	-2.89766	6.82855	-2.34391	-0.852291	8.66502	12.2184	-1.14713	
6.54144	-0.233906	0.999398	-2.90017	6.84821	-2.40218	-0.911476	8.6749	12.2306	-1.14732	
6.5375	-0.234088	0.999789	-2.90387	6.9162	-2.40541	-0.915472	8.68338	12.2423	-1.14793	
6.53996	-0.233744	1.00022	-2.90761	7.35896	-2.39921	-0.919942	8.69136	12.2486	-1.15104	
6.53282	-0.246918	0.984416	-2.94663	7.23405	-2.31737	-0.836736	8.70309	12.2581	-1.14545	
6.52804	-0.254805	0.976171	-2.96114	7.23012	-2.27805	-0.793104	8.71115	12.273	-1.14437	
6.52654	-0.257097	0.974221	-2.96788	7.05005	-2.27314	-0.78406	8.72215	12.2889	-1.14298	
6.52815	-0.25678	0.975065	-2.97204	7.32932	-2.27426	-0.790414	8.73651	12.3035	-1.14423	
6.5338	-0.254957	0.977633	-2.97381	7.74031	-2.27909	-0.806192	8.76014	12.3157	-1.14808	
6.53439	-0.254772	0.978407	-2.97649	7.83349	-2.28278	-0.812055	8.78018	12.3301	-1.1494	
6.54731	-0.255915	0.977488	-2.9795	8.24041	-2.26233	-0.80767	8.80132	12.3368	-1.15626	
6.54178	-0.25602	0.977864	-2.9813	8.20777	-2.26791	-0.810725	8.81268	12.3497	-1.15655	
6.50891	-0.284911	0.948946	-3.01599	8.11773	-2.14404	-0.666592	8.83927	12.3621	-1.15635	
6.49984	-0.294578	0.940313	-3.03284	7.85872	-2.11972	-0.629797	8.85776	12.3773	-1.15277	
6.4919	-0.310622	0.923902	-3.06721	7.49027	-2.06668	-0.565806	8.88977	12.3929	-1.14703	
6.48852	-0.310328	0.924674	-3.08684	7.54819	-2.07871	-0.580616	8.91475	12.4061	-1.14515	
6.49869	-0.305296	0.930134	-3.09493	7.01671	-2.11528	-0.610656	8.9287	12.4254	-1.13993	
6.50913	-0.298883	0.938273	-3.09764	6.85081	-2.15701	-0.651361	8.94212	12.4378	-1.1396	
6.51711	-0.293569	0.945045	-3.10104	6.78353	-2.19252	-0.687333	8.95308	12.4495	-1.13987	
6.52454	-0.292262	0.946949	-3.10251	6.63247	-2.20419	-0.697734	8.97059	12.4612	-1.14046	
6.53326	-0.289177	0.950941	-3.1031	6.83835	-2.22272	-0.718876	8.98524	12.4636	-1.14598	
6.53941	-0.286061	0.955051	-3.10369	7.06358	-2.24201	-0.741194	8.99892	12.4594	-1.15646	
6.54672	-0.282998	0.959084	-3.1044	6.72551	-2.26812	-0.763697	9.0195	12.4578	-1.16432	
6.57101	-0.270601	0.974717	-3.10886	6.22301	-2.36293	-0.856902	9.03758	12.4595	-1.16757	
6.5589	-0.281549	0.962525	-3.12719	6.34957	-2.29254	-0.787582	9.04208	12.4643	-1.16477	
6.56672	-0.283369	0.960433	-3.13427	7.07557	-2.27556	-0.776791	9.04498	12.4664	-1.16782	
6.56727	-0.283347	0.96073	-3.1385	6.91335	-2.27969	-0.779387	9.04476	12.4702	-1.16868	
6.58249	-0.280789	0.963705	-3.13935	7.11886	-2.29373	-0.796614	9.04279	12.4738	-1.17011	
6.59303	-0.278011	0.967073	-3.13985	6.84358	-2.31676	-0.816472	9.0374	12.4797	-1.16943	
6.59923	-0.276194	0.969449	-3.14079	6.839	-2.33111	-0.830864	9.03011	12.4841	-1.16995	
6.58528	-0.274682	0.971954	-3.14095	7.04472	-2.34366	-0.846178	9.03165	12.487	-1.17212	
6.60909	-0.261811	0.988344	-3.14128	7.44931	-2.44127	-0.953606	9.03992	12.4863	-1.17664	
