3.09886	-4.736	-4.83904	0.0331969	4.7768	-4.59363	-0.887363	7.92158	8.44236	-4.75742	
3.37853	-4.59736	-3.52337	0.305134	4.68317	-3.94449	-0.327082	7.93205	8.45954	-3.40309	
3.24785	-4.83924	-3.06326	0.295654	4.66654	-3.70459	-0.0501885	8.02211	8.47441	-2.71889	
3.22221	-5.20741	-2.85808	0.190236	4.57907	-3.70761	-0.0235411	8.11694	8.49455	-2.34852	
3.32806	-5.29949	-2.521	0.131904	4.60637	-3.59398	-0.0645355	8.09997	8.50998	-2.09912	
2.90976	-5.46505	-2.43564	0.079343	4.46996	-3.82599	-0.0844575	8.11618	8.53228	-1.90788	
2.95415	-5.44776	-2.36838	0.401383	4.59593	-4.34906	-0.495992	8.13754	8.55786	-1.87267	
2.94694	-5.09777	-2.17717	0.32997	4.50365	-3.36701	-0.298192	8.07965	8.59408	-1.68761	
2.74086	-4.69447	-1.95026	0.257164	4.6651	-3.0002	-0.18861	8.03975	8.62402	-1.48869	
2.84122	-4.70026	-1.99881	0.240628	4.72234	-3.19098	-0.122177	7.97133	8.65599	-1.38174	
2.37826	-4.77338	-2.11463	0.0893589	4.7159	-3.15564	0.00349808	7.93955	8.68671	-1.30482	
2.35925	-4.8223	-2.22212	-0.0438949	4.68242	-3.18502	0.0440819	7.90686	8.72036	-1.21206	
2.56096	-4.84659	-2.23045	-0.109568	4.54431	-3.33832	0.0106432	7.86335	8.75582	-1.1223	
2.53969	-4.81534	-2.16678	-0.114911	5.03973	-3.2716	-0.00461529	7.8232	8.77637	-1.06663	
2.64021	-4.80265	-2.06884	-0.000773424	4.80659	-3.51636	-0.0819749	7.77887	8.81044	-1.04164	
2.51689	-4.74675	-1.97873	0.0373022	4.73238	-3.4525	-0.109719	7.73074	8.83796	-1.02095	
2.47539	-4.68763	-1.90523	0.0577852	4.77577	-3.37226	-0.128776	7.68071	8.86322	-0.990817	
2.59176	-4.53326	-1.75369	0.0620057	4.81189	-3.22161	-0.145559	7.62699	8.88924	-0.948983	
2.37336	-4.30962	-1.59233	0.0356104	4.8895	-2.99071	-0.153122	7.57751	8.91673	-0.893777	
1.99092	-4.21999	-1.50688	0.043824	4.93713	-3.03753	-0.174143	7.54793	8.94419	-0.864646	
2.13838	-4.12276	-1.43026	0.0501187	4.87645	-3.05313	-0.194451	7.5158	8.97341	-0.843527	
2.18263	-3.9811	-1.43275	-0.0263946	4.98197	-2.91157	-0.118401	7.49083	9.00137	-0.805676	
2.01486	-3.95353	-1.34978	-0.0275089	5.00564	-2.951	-0.135309	7.44561	9.03018	-0.775309	
2.05091	-3.84284	-1.2743	-0.0401443	5.37583	-2.83473	-0.137493	7.40746	9.04206	-0.761325	
2.17771	-3.76288	-1.21762	-0.0470867	5.30997	-2.81533	-0.14253	7.38777	9.05724	-0.745767	
2.15887	-3.65289	-1.15399	-0.0748842	4.99394	-2.75499	-0.134404	7.39981	9.05999	-0.724545	
2.27935	-3.51359	-1.1046	-0.119708	4.87223	-2.70422	-0.121524	7.42452	9.06449	-0.683521	
2.34959	-3.36554	-1.07292	-0.183568	4.85805	-2.62164	-0.0963172	7.45486	9.06631	-0.631087	
2.13671	-3.33034	-1.0134	-0.183381	4.87215	-2.7603	-0.119388	7.47871	9.06717	-0.62137	
2.35067	-3.26632	-0.964086	-0.194821	5.59966	-2.63528	-0.131306	7.51053	9.06429	-0.630936	
2.06483	-3.24093	-0.920949	-0.193321	5.51146	-2.68906	-0.148831	7.49587	9.06929	-0.633282	
2.17568	-3.21944	-0.888335	-0.18677	5.56304	-2.71513	-0.165521	7.5279	9.07416	-0.646258	
2.19427	-3.19812	-0.856678	-0.179967	5.61496	-2.73892	-0.182654	7.55725	9.09155	-0.657449	
2.21168	-3.17765	-0.827238	-0.174232	5.67404	-2.75194	-0.199151	7.57677	9.11266	-0.667992	
2.29113	-3.15765	-0.798973	-0.169642	5.72153	-2.77317	-0.215463	7.60429	9.12919	-0.68913	
2.30329	-3.11151	-0.732312	-0.165603	5.83245	-2.80429	-0.255429	7.63378	9.15621	-0.708525	
2.58434	-3.04096	-0.634754	-0.161848	5.73192	-2.88323	-0.322156	7.70949	9.17854	-0.729187	
2.7038	-2.96296	-0.530621	-0.158741	5.96373	-2.93046	-0.406468	7.78135	9.20044	-0.756913	
2.6326	-2.94039	-0.503133	-0.157238	5.98378	-2.94219	-0.431197	7.78855	9.2165	-0.784335	
2.55793	-2.92121	-0.485509	-0.16486	6.1236	-2.87639	-0.441555	7.80081	9.20897	-0.820674	
2.72992	-2.90106	-0.466912	-0.170157	6.02473	-2.89721	-0.45514	7.78653	9.20106	-0.84855	
2.66586	-2.88548	-0.444444	-0.170349	5.47097	-3.07336	-0.477157	7.77541	9.22288	-0.849263	
2.89858	-2.80006	-0.383851	-0.207777	5.30169	-2.94453	-0.518411	7.80801	9.23881	-0.825492	
2.85686	-2.72253	-0.331883	-0.251476	5.44237	-2.9196	-0.552323	7.7812	9.24706	-0.794756	
2.82716	-2.65268	-0.293824	-0.304108	5.58135	-2.85115	-0.569036	7.75664	9.27293	-0.752846	
2.88117	-2.51713	-0.247296	-0.369246	5.28295	-2.71672	-0.630122	7.72811	9.28771	-0.70232	
2.96912	-2.50176	-0.3205	-0.523072	5.20897	-2.75437	-0.546788	7.7111	9.29723	-0.662267	
2.82876	-2.52562	-0.314348	-0.533653	5.08963	-2.94006	-0.553906	7.64392	9.31443	-0.651907	
2.88897	-2.49985	-0.291387	-0.551273	5.04332	-2.96561	-0.582402	7.59454	9.33091	-0.653101	
2.89497	-2.49323	-0.298722	-0.59941	5.02947	-2.93546	-0.569362	7.54928	9.34902	-0.643108	
2.88179	-2.46816	-0.266447	-0.610122	5.02694	-3.00452	-0.614075	7.55772	9.36357	-0.639072	
2.99616	-2.42391	-0.229411	-0.624374	5.1183	-2.98969	-0.668969	7.58316	9.3811	-0.635028	
3.07543	-2.41444	-0.231002	-0.643245	5.09677	-3.01455	-0.665436	7.60467	9.39926	-0.624451	
2.9807	-2.40142	-0.223356	-0.652182	5.22796	-3.01371	-0.678944	7.62631	9.41482	-0.622399	
3.1159	-2.38638	-0.219075	-0.662991	5.29604	-3.00511	-0.687239	7.64552	9.4274	-0.624509	
3.15683	-2.37677	-0.21161	-0.667677	5.18905	-3.04871	-0.699955	7.68222	9.44703	-0.623954	
3.0678	-2.37402	-0.205512	-0.670693	5.19581	-3.07193	-0.710817	7.69724	9.46382	-0.629159	
3.34426	-2.36154	-0.199714	-0.670993	5.16587	-3.08961	-0.72067	7.62513	9.48211	-0.63412	
3.24948	-2.35884	-0.192148	-0.671146	4.90556	-3.13824	-0.733559	7.52441	9.50723	-0.63558	
3.17575	-2.3533	-0.182744	-0.671371	4.92607	-3.15215	-0.749909	7.36861	9.53044	-0.638518	
3.16299	-2.3428	-0.168599	-0.671495	4.92266	-3.17461	-0.775333	7.23945	9.55306	-0.640998	
3.19667	-2.30933	-0.127204	-0.671626	5.07832	-3.2428	-0.855984	7.10901	9.57904	-0.643121	
3.22602	-2.28209	-0.0939477	-0.671985	4.89855	-3.30315	-0.928475	6.97988	9.59434	-0.645124	
3.26057	-2.25994	-0.0672095	-0.672525	5.12244	-3.34007	-0.992722	6.85031	9.60938	-0.649859	
3.30708	-2.23798	-0.0424821	-0.674456	5.06706	-3.39103	-1.05731	6.7415	9.62826	-0.65199	
3.27835	-2.23626	-0.0413804	-0.680881	5.3604	-3.37163	-1.05801	6.66452	9.65549	-0.652246	
3.27036	-2.23175	-0.0402388	-0.688194	5.20477	-3.37122	-1.05859	6.57558	9.67773	-0.651432	
3.28386	-2.22081	-0.0339522	-0.691416	5.25074	-3.37365	-1.07478	6.51522	9.69802	-0.649988	
3.30607	-2.20006	-0.0679052	-0.753664	5.19895	-3.09186	-0.978836	6.45721	9.71664	-0.627722	
3.32769	-2.20782	-0.0747415	-0.769763	5.40455	-3.17286	-0.960969	6.47405	9.73002	-0.623168	
3.31188	-2.20129	-0.0696034	-0.773084	5.38476	-3.16747	-0.973362	6.44647	9.74011	-0.624055	
3.38649	-2.15794	-0.0319488	-0.774229	5.34602	-3.19526	-1.07276	6.44387	9.75112	-0.619257	
3.42195	-2.11676	-0.022025	-0.80136	5.29182	-3.04847	-1.10083	6.43393	9.76389	-0.605228	
3.4326	-2.07658	-0.0462925	-0.864064	5.29794	-2.9144	-1.03907	6.43031	9.77502	-0.565486	
3.50366	-2.0351	-0.0685557	-0.928463	5.3517	-2.8094	-0.998277	6.48555	9.78583	-0.52083	
3.49856	-2.006	-0.0519198	-0.951016	5.41372	-2.97348	-1.04543	6.5727	9.79812	-0.496641	
3.58652	-1.97617	-0.0335169	-0.967781	5.49914	-3.02061	-1.10492	6.63194	9.8101	-0.485558	
3.60301	-1.9429	-0.0274258	-1.00246	5.80986	-2.94159	-1.14111	6.65945	9.8165	-0.475139	
3.65129	-1.91541	-0.0097448	-1.02197	5.68979	-3.06413	-1.20193	6.72154	9.82914	-0.463898	
3.69661	-1.89341	0.00768605	-1.03404	5.70085	-3.12742	-1.26395	6.77578	9.84108	-0.459447	
3.76482	-1.86949	0.0185531	-1.0524	5.51075	-3.16549	-1.31496	6.81768	9.85456	-0.451569	
3.77444	-1.8577	-0.0157979	-1.12145	5.57225	-2.96737	-1.2027	6.82294	9.86466	-0.429032	
3.74463	-1.84547	-0.0321347	-1.17293	5.67717	-2.93945	-1.16487	6.83859	9.87247	-0.409892	
3.78897	-1.82499	-0.02679	-1.20203	5.71752	-2.97174	-1.19923	6.85495	9.88078	-0.397269	
3.83166	-1.80509	-0.00298932	-1.20394	5.5976	-3.11434	-1.28097	6.85941	9.88938	-0.393658	
3.87306	-1.77797	0.0289216	-1.20509	5.55461	-3.23305	-1.40544	6.87121	9.89661	-0.396002	
3.99202	-1.75617	0.051769	-1.21015	5.58168	-3.33942	-1.5098	6.97372	9.90958	-0.396817	
3.99354	-1.74155	0.0694306	-1.21144	5.50757	-3.4418	-1.59905	7.09157	9.9205	-0.400232	
3.94364	-1.73921	0.0727608	-1.21172	5.77392	-3.37913	-1.61697	7.13055	9.9217	-0.412911	
3.96082	-1.73672	0.075457	-1.21191	5.9794	-3.32531	-1.63177	7.1598	9.92029	-0.428335	
3.97724	-1.73398	0.0784693	-1.21198	6.19679	-3.25249	-1.64854	7.20876	9.90481	-0.457471	
3.99484	-1.73155	0.0808215	-1.212	6.0241	-3.3279	-1.66186	7.21145	9.89157	-0.483607	
4.04982	-1.71522	0.0996652	-1.21202	6.06346	-3.38005	-1.77689	7.23435	9.86751	-0.518355	
4.09971	-1.69653	0.1213	-1.21203	5.89883	-3.5437	-1.93101	7.25929	9.85519	-0.543219	
4.17414	-1.67944	0.140273	-1.21203	6.02322	-3.61592	-2.09251	7.28028	9.851	-0.563415	
4.14837	-1.67727	0.143186	-1.21209	5.92181	-3.6721	-2.12	7.24323	9.84256	-0.586154	
4.17618	-1.67569	0.145279	-1.21226	5.81316	-3.72965	-2.14009	7.27619	9.83816	-0.606323	
4.23662	-1.65978	0.162427	-1.21231	5.90141	-3.82461	-2.32635	7.28673	9.84031	-0.622614	
4.26969	-1.65287	0.16987	-1.21249	6.0718	-3.83532	-2.42033	7.30181	9.84517	-0.642876	
4.29238	-1.64684	0.176318	-1.21272	6.03035	-3.90964	-2.50995	7.30361	9.85112	-0.662086	
4.30438	-1.64149	0.182251	-1.21295	5.94171	-3.97695	-2.6007	7.32686	9.84984	-0.681107	
4.36334	-1.63645	0.187301	-1.21327	5.95356	-4.018	-2.68506	7.41687	9.84705	-0.700712	
4.3958	-1.63548	0.187808	-1.21328	6.01931	-4.04548	-2.69404	7.48604	9.85438	-0.71969	
4.41169	-1.63277	0.190132	-1.2133	6.01628	-4.08111	-2.7364	7.48164	9.86248	-0.738901	
4.44595	-1.63056	0.192058	-1.21331	5.8594	-4.17802	-2.77299	7.48763	9.87231	-0.756631	
4.47027	-1.6287	0.19377	-1.21337	5.86197	-4.20563	-2.80658	7.49249	9.87916	-0.776638	
4.45237	-1.62837	0.19466	-1.21339	5.93376	-4.21353	-2.82453	7.54196	9.89162	-0.796525	
4.50717	-1.62596	0.196657	-1.21347	6.0782	-4.17355	-2.86605	7.58231	9.91152	-0.81349	
4.49279	-1.62568	0.197406	-1.21353	6.09765	-4.17786	-2.88194	7.62163	9.9312	-0.82515	
4.49988	-1.6244	0.198238	-1.21367	6.02278	-4.20823	-2.89962	7.62253	9.94323	-0.836348	
4.50602	-1.62373	0.198825	-1.21372	6.04437	-4.21409	-2.91247	7.62537	9.96401	-0.841194	
4.53983	-1.62242	0.19986	-1.21401	6.09341	-4.22718	-2.93465	7.62175	9.98764	-0.846237	
4.55994	-1.62023	0.20211	-1.21429	6.20064	-4.20676	-2.98643	7.62222	10.0089	-0.853108	
4.59174	-1.61928	0.202887	-1.21484	5.98064	-4.33001	-3.0027	7.61726	10.0289	-0.855795	
4.52119	-1.61949	0.203451	-1.21543	6.08471	-4.2834	-3.01381	7.59262	10.0337	-0.870102	
4.53181	-1.61925	0.20341	-1.21619	5.99858	-4.35816	-3.00895	7.56789	10.0492	-0.874442	
4.56368	-1.61642	0.205973	-1.21785	6.06309	-4.35998	-3.06587	7.55475	10.0675	-0.878168	
4.58824	-1.61592	0.205893	-1.22075	6.14011	-4.33606	-3.04862	7.54134	10.0881	-0.881503	
4.60087	-1.61442	0.207234	-1.22184	6.19754	-4.32894	-3.07771	7.52294	10.106	-0.887526	
4.62979	-1.61228	0.209236	-1.22282	6.34015	-4.24743	-3.12699	7.49961	10.1172	-0.896833	
4.65351	-1.61033	0.210856	-1.22361	6.37321	-4.25967	-3.16888	7.4919	10.1236	-0.9113	
4.66401	-1.61062	0.210534	-1.22442	6.42509	-4.23292	-3.15463	7.47335	10.1307	-0.925488	
4.64655	-1.6099	0.211635	-1.22456	6.26339	-4.34817	-3.18615	7.47022	10.1389	-0.934948	
4.68267	-1.60837	0.212973	-1.22472	6.31277	-4.33054	-3.22601	7.5299	10.1403	-0.950347	
4.68051	-1.60702	0.214334	-1.22491	6.33903	-4.34196	-3.26806	7.55491	10.1491	-0.958981	
4.68104	-1.60751	0.213717	-1.22676	6.36732	-4.3261	-3.23641	7.58026	10.164	-0.962346	
4.72277	-1.608	0.212641	-1.22909	6.35086	-4.3304	-3.18885	7.59119	10.1794	-0.964125	
4.70909	-1.60741	0.213268	-1.22988	6.26154	-4.40742	-3.20296	7.57599	10.1977	-0.964459	
4.72352	-1.6064	0.214104	-1.23037	6.32535	-4.40174	-3.22589	7.58387	10.2179	-0.967171	
4.72389	-1.60624	0.214256	-1.23077	6.46396	-4.3245	-3.22829	7.59028	10.2358	-0.972028	
4.78533	-1.60088	0.218949	-1.23106	6.59748	-4.30421	-3.3853	7.614	10.2523	-0.97714	
4.79731	-1.60004	0.219667	-1.23185	6.38043	-4.46791	-3.40619	7.62903	10.276	-0.974269	
4.83323	-1.5991	0.220268	-1.23241	6.37927	-4.49127	-3.42457	7.6545	10.2933	-0.978139	
4.83597	-1.59759	0.221806	-1.23292	6.36675	-4.53084	-3.48099	7.6988	10.3081	-0.983804	
4.86681	-1.59957	0.219063	-1.23722	6.34456	-4.51655	-3.34381	7.75541	10.3264	-0.985745	
4.87309	-1.60263	0.214954	-1.24332	6.02541	-4.62497	-3.17132	7.81158	10.3469	-0.982192	
4.87433	-1.60274	0.214725	-1.24405	6.1548	-4.56781	-3.16019	7.84414	10.3618	-0.984438	
4.87953	-1.60278	0.214609	-1.24454	6.29439	-4.49452	-3.15386	7.89668	10.3758	-0.987376	
4.88271	-1.60257	0.214878	-1.24467	6.30103	-4.49618	-3.16096	7.95914	10.3904	-0.988255	
4.90091	-1.60221	0.215058	-1.24506	6.49399	-4.39276	-3.16377	8.01995	10.4005	-0.993238	
4.91646	-1.60174	0.215347	-1.24532	6.55572	-4.34777	-3.17063	8.07777	10.4075	-0.996581	
4.96334	-1.59858	0.218377	-1.24549	6.64877	-4.32631	-3.26338	8.14341	10.4123	-1.00127	
4.9891	-1.59476	0.222231	-1.24566	6.41452	-4.52984	-3.39611	8.19559	10.4271	-0.996615	
5.04817	-1.59081	0.225497	-1.24593	6.19816	-4.71078	-3.52365	8.17843	10.4396	-0.993636	
5.04798	-1.5947	0.218195	-1.25606	6.22241	-4.52268	-3.18519	8.19598	10.4461	-0.993647	
5.03208	-1.61097	0.192002	-1.28826	6.36666	-4.0803	-2.50382	8.21713	10.448	-0.993153	
5.03711	-1.62123	0.172165	-1.31851	6.32943	-3.87665	-2.17924	8.19223	10.4457	-0.994798	
5.06442	-1.63166	0.152826	-1.34731	6.83114	-3.56072	-1.94853	8.12518	10.4353	-1.00732	
5.09666	-1.63364	0.141216	-1.37869	6.9139	-3.44464	-1.81598	8.04042	10.4308	-1.01159	
5.10026	-1.63693	0.127464	-1.41561	6.67633	-3.4257	-1.68384	7.93745	10.4338	-1.00623	
5.11374	-1.62329	0.144575	-1.41925	6.2368	-3.62734	-1.79127	7.86492	10.4379	-1.00585	
5.13792	-1.62139	0.147177	-1.42039	6.08869	-3.67421	-1.80815	7.95035	10.4343	-1.01602	
5.15612	-1.61937	0.149514	-1.42089	6.40074	-3.62434	-1.82429	7.96808	10.4224	-1.03507	
5.14277	-1.61841	0.151147	-1.42154	6.26284	-3.66773	-1.83544	8.04444	10.4279	-1.03735	
5.14052	-1.61689	0.153137	-1.42198	6.23215	-3.6901	-1.8496	8.0759	10.4356	-1.03916	
5.14519	-1.616	0.154399	-1.42284	6.23166	-3.70003	-1.85828	8.09907	10.4433	-1.04091	
5.20169	-1.59968	0.174134	-1.42286	6.10495	-3.85397	-2.01978	8.1238	10.4533	-1.04008	
5.21741	-1.59521	0.177205	-1.43576	6.01759	-3.88026	-2.03157	8.1546	10.4637	-1.03895	
5.22433	-1.61468	0.144782	-1.48872	6.14694	-3.63862	-1.73267	8.18195	10.4667	-1.03744	
5.23353	-1.63438	0.109398	-1.54909	6.09073	-3.45493	-1.49848	8.1926	10.4735	-1.02996	
5.2427	-1.63338	0.112142	-1.54953	5.95647	-3.5006	-1.51209	8.20463	10.4839	-1.02865	
5.25506	-1.62808	0.119417	-1.54959	6.26436	-3.49567	-1.54985	8.20756	10.4881	-1.0359	
5.26533	-1.62486	0.123703	-1.54967	6.17856	-3.53116	-1.57291	8.2097	10.4978	-1.03806	
5.29458	-1.60942	0.144935	-1.54969	6.02594	-3.66301	-1.69742	8.19673	10.5084	-1.03893	
5.31962	-1.59861	0.159577	-1.54971	6.15108	-3.73009	-1.79513	8.18366	10.5168	-1.04337	
5.33069	-1.59095	0.170037	-1.54974	6.21427	-3.79063	-1.87227	8.17885	10.5303	-1.0455	
5.34523	-1.58831	0.173479	-1.54979	6.06075	-3.84527	-1.8992	8.18835	10.548	-1.04412	
5.35635	-1.58512	0.177747	-1.54984	6.21755	-3.84249	-1.93373	8.2096	10.5612	-1.04729	
5.35269	-1.58224	0.181806	-1.54987	6.16942	-3.87669	-1.96788	8.2194	10.5749	-1.04939	
5.36093	-1.57934	0.185726	-1.54988	6.2743	-3.88416	-2.00216	8.2467	10.588	-1.0519	
5.39361	-1.57279	0.19419	-1.5499	6.39661	-3.92151	-2.08096	8.29427	10.5984	-1.05619	
5.41915	-1.56619	0.20274	-1.54992	6.32411	-4.0104	-2.16817	8.32774	10.6073	-1.06197	
5.4347	-1.55728	0.214563	-1.55041	6.26929	-4.13126	-2.3036	8.35513	10.6159	-1.06772	
5.44283	-1.55621	0.215885	-1.55044	6.29506	-4.1365	-2.3201	8.34768	10.6255	-1.07136	
5.45483	-1.55452	0.218038	-1.55048	6.32187	-4.15216	-2.34764	8.34897	10.635	-1.07489	
5.52408	-1.544	0.230859	-1.55057	6.37755	-4.26833	-2.53122	8.32156	10.6435	-1.07907	
5.55603	-1.53591	0.240941	-1.55077	6.41928	-4.3572	-2.70567	8.28951	10.6479	-1.08355	
5.57175	-1.52955	0.248797	-1.55136	6.67888	-4.33915	-2.86675	8.26313	10.6487	-1.09106	
5.59129	-1.53612	0.235866	-1.57291	6.72922	-4.11693	-2.56704	8.23666	10.6542	-1.09181	
5.59679	-1.54095	0.22659	-1.59315	6.47147	-4.09519	-2.39056	8.21604	10.6648	-1.08632	
5.63405	-1.53516	0.233857	-1.5952	6.53702	-4.15564	-2.49221	8.20673	10.668	-1.09027	
5.65319	-1.52998	0.240298	-1.59684	6.53631	-4.22771	-2.59279	8.20021	10.6731	-1.09334	
5.64643	-1.52863	0.242352	-1.59852	6.5573	-4.24829	-2.62524	8.19675	10.6796	-1.09532	
5.65227	-1.53043	0.240168	-1.60481	6.6147	-4.21016	-2.57622	8.18483	10.6833	-1.1004	
5.65282	-1.53057	0.240211	-1.60841	6.50978	-4.24944	-2.57006	8.18132	10.6877	-1.10432	
5.64699	-1.52981	0.241252	-1.6086	6.58101	-4.23611	-2.58714	8.17444	10.6894	-1.11058	
5.65751	-1.52839	0.242815	-1.6087	6.46424	-4.29608	-2.61378	8.19263	10.6948	-1.11339	
5.66426	-1.52715	0.244229	-1.60891	6.58617	-4.27222	-2.63829	8.21065	10.696	-1.12013	
5.66362	-1.52606	0.245605	-1.60911	6.61511	-4.27879	-2.66277	8.24691	10.6981	-1.12593	
5.68536	-1.5241	0.247766	-1.60944	6.63035	-4.29863	-2.70247	8.27647	10.7002	-1.13193	
5.68647	-1.52223	0.250009	-1.60948	6.52152	-4.36795	-2.74625	8.27525	10.7043	-1.1351	
5.71968	-1.51433	0.259038	-1.60954	6.49493	-4.49701	-2.94633	8.28355	10.7052	-1.14092	
5.72757	-1.51744	0.253424	-1.62012	6.49802	-4.37883	-2.78655	8.28942	10.7063	-1.14511	
5.73605	-1.52399	0.244529	-1.63455	6.58097	-4.22905	-2.58448	8.29898	10.7052	-1.15056	
5.74487	-1.52557	0.242913	-1.63712	6.5849	-4.23627	-2.55219	8.2553	10.7104	-1.15539	
5.74218	-1.52414	0.244532	-1.63985	6.22871	-4.3613	-2.57326	8.2441	10.7229	-1.15361	
5.74274	-1.53327	0.23173	-1.65854	6.31125	-4.14837	-2.35189	8.22289	10.7322	-1.14997	
5.74157	-1.54457	0.211295	-1.6899	6.44841	-3.89758	-2.08118	8.19774	10.7404	-1.14589	
5.74967	-1.54305	0.212291	-1.69981	6.52109	-3.893	-2.07995	8.17379	10.7486	-1.14572	
5.75121	-1.54558	0.205048	-1.71909	6.4178	-3.82439	-1.9947	8.13318	10.7597	-1.14215	
5.74562	-1.54869	0.196931	-1.74087	6.6505	-3.7117	-1.90756	8.09662	10.7651	-1.14324	
5.76121	-1.54598	0.196478	-1.75529	6.56756	-3.71711	-1.89356	8.06401	10.7734	-1.14213	
5.74892	-1.56362	0.174632	-1.79158	6.55257	-3.58688	-1.7108	8.04367	10.7782	-1.14328	
5.7586	-1.55919	0.176939	-1.80621	6.47911	-3.60011	-1.71983	8.05999	10.7849	-1.14254	
5.76164	-1.5605	0.171934	-1.82645	6.4748	-3.56607	-1.67982	8.09184	10.7906	-1.14276	
5.77658	-1.55898	0.166924	-1.84891	6.48553	-3.5302	-1.65085	8.16632	10.7922	-1.14539	
5.79569	-1.55223	0.164845	-1.87369	6.21928	-3.5503	-1.64161	8.21122	10.7989	-1.14177	
5.82694	-1.54196	0.174595	-1.88222	6.31741	-3.60228	-1.70467	8.27655	10.8049	-1.1424	
5.82742	-1.53424	0.184473	-1.8838	6.74608	-3.5954	-1.77256	8.29561	10.8034	-1.15266	
5.84508	-1.52887	0.189381	-1.89043	6.65742	-3.6346	-1.81031	8.30609	10.8093	-1.15431	
5.84476	-1.52895	0.189987	-1.89239	6.53279	-3.6679	-1.81529	8.31442	10.8122	-1.15808	
5.85556	-1.52361	0.196542	-1.89392	6.66518	-3.69055	-1.86574	8.32303	10.8187	-1.16015	
5.86056	-1.52083	0.200051	-1.89762	6.92189	-3.65898	-1.89462	8.3353	10.8217	-1.1659	
5.86351	-1.51964	0.201725	-1.89787	6.8469	-3.68788	-1.90837	8.34261	10.8289	-1.16694	
5.85427	-1.51869	0.203308	-1.8984	6.68703	-3.73245	-1.92163	8.32589	10.8361	-1.16749	
5.87348	-1.51664	0.205594	-1.89851	6.69206	-3.74794	-1.94099	8.34485	10.8304	-1.18046	
5.88772	-1.51228	0.211156	-1.89855	6.60745	-3.80432	-1.9899	8.37092	10.8262	-1.19156	
5.89951	-1.50804	0.216681	-1.89876	6.69154	-3.83098	-2.04136	8.40678	10.8198	-1.20533	
5.91482	-1.50353	0.222385	-1.8989	6.68219	-3.8781	-2.09768	8.44069	10.8153	-1.21703	
5.92354	-1.50152	0.224782	-1.8989	6.80569	-3.87142	-2.12241	8.45619	10.814	-1.22665	
5.92809	-1.49973	0.227091	-1.89893	6.83252	-3.88916	-2.14689	8.46949	10.8159	-1.23513	
5.94037	-1.4958	0.232055	-1.89895	6.96386	-3.89668	-2.20181	8.48451	10.8205	-1.2416	
5.9409	-1.49241	0.23657	-1.89898	6.71522	-4.00639	-2.2548	8.48233	10.8309	-1.24236	
5.94836	-1.49072	0.238705	-1.899	6.94227	-3.96426	-2.28095	8.48256	10.8346	-1.24879	
5.94424	-1.48758	0.242964	-1.89904	6.93881	-4.00911	-2.33544	8.44318	10.8421	-1.25119	
5.96375	-1.48366	0.247743	-1.89913	6.94933	-4.047	-2.40063	8.38185	10.8463	-1.25492	
6.00631	-1.47905	0.252931	-1.89926	6.68072	-4.18236	-2.47697	8.39127	10.8544	-1.25314	
6.01657	-1.47855	0.253565	-1.89931	6.72448	-4.17728	-2.48673	8.42627	10.8583	-1.25509	
6.00207	-1.47839	0.254173	-1.89937	6.73253	-4.18573	-2.49619	8.45368	10.863	-1.25625	
6.01028	-1.4743	0.259244	-1.89942	6.91286	-4.18973	-2.57906	8.45315	10.8647	-1.2616	
6.02715	-1.46988	0.264705	-1.89952	7.16547	-4.14894	-2.67727	8.45387	10.8623	-1.2705	
6.02851	-1.46804	0.267132	-1.89971	7.05966	-4.22784	-2.72429	8.44586	10.8692	-1.27089	
6.02314	-1.46625	0.269608	-1.89986	6.52703	-4.47199	-2.77476	8.41881	10.8879	-1.26206	
6.02414	-1.4644	0.272026	-1.89988	6.604	-4.47917	-2.82691	8.39858	10.894	-1.26471	
6.03718	-1.46234	0.274441	-1.89991	6.5594	-4.52608	-2.88196	8.36699	10.8945	-1.27098	
6.02572	-1.46065	0.276916	-1.90011	6.83478	-4.46464	-2.94154	8.31616	10.8913	-1.28138	
6.02985	-1.45873	0.27934	-1.90019	6.76465	-4.52872	-3.00392	8.25962	10.8905	-1.2881	
6.03323	-1.45787	0.280397	-1.90032	6.62113	-4.61158	-3.03224	8.1994	10.8919	-1.2936	
6.04218	-1.45526	0.283597	-1.9004	6.44816	-4.73829	-3.12417	8.1365	10.893	-1.29924	
6.05436	-1.45308	0.286193	-1.90066	6.38098	-4.831	-3.20523	8.07487	10.8919	-1.30915	
6.06463	-1.45023	0.289716	-1.90114	6.49535	-4.87492	-3.32694	8.00731	10.8966	-1.31528	
6.06805	-1.45097	0.289021	-1.90477	6.74446	-4.74859	-3.29076	7.96071	10.897	-1.32551	
6.02346	-1.50504	0.231553	-1.96863	6.65865	-4.07169	-2.15221	7.94447	10.9018	-1.32928	
6.02011	-1.50559	0.232727	-1.96913	6.36476	-4.15143	-2.16512	7.89609	10.9129	-1.32872	
6.0247	-1.50442	0.234362	-1.96923	6.3653	-4.16063	-2.1833	7.84612	10.9177	-1.33257	
6.02359	-1.50374	0.235866	-1.97033	6.57271	-4.13622	-2.20028	7.85381	10.9214	-1.33761	
6.02739	-1.50274	0.237503	-1.97123	6.46817	-4.17432	-2.21913	7.85258	10.929	-1.33858	
6.03878	-1.50067	0.240561	-1.97177	6.55755	-4.18247	-2.25539	7.96125	10.9289	-1.34594	
6.03964	-1.49887	0.243186	-1.97256	6.49424	-4.22832	-2.2876	7.99028	10.9334	-1.35024	
6.05398	-1.49936	0.243348	-1.97751	6.28851	-4.26329	-2.28691	7.99681	10.9402	-1.35197	
6.05495	-1.49954	0.243422	-1.98247	6.29497	-4.25537	-2.28556	7.92396	10.9447	-1.35547	
6.06203	-1.49694	0.246487	-1.98379	6.48586	-4.24382	-2.32409	7.85892	10.9459	-1.36249	
6.06764	-1.49455	0.249421	-1.98541	6.51415	-4.26401	-2.36228	7.76149	10.9489	-1.36776	
6.06401	-1.49228	0.252217	-1.98643	6.56823	-4.27906	-2.40069	7.62412	10.956	-1.36984	
6.06789	-1.49174	0.253255	-1.9879	6.46386	-4.30801	-2.41482	7.4795	10.9621	-1.37	
6.06722	-1.49071	0.254925	-1.98863	6.60236	-4.30727	-2.4387	7.36352	10.9688	-1.3732	
6.07243	-1.48944	0.256741	-1.98904	6.37958	-4.37788	-2.46564	7.29695	10.9789	-1.37328	
6.07223	-1.48822	0.25861	-1.9893	6.41355	-4.40499	-2.49436	7.30407	10.9901	-1.37577	
6.07835	-1.48585	0.261869	-1.9896	6.43389	-4.44419	-2.54661	7.27241	11.0032	-1.37664	
6.0871	-1.48388	0.2646	-1.98998	6.1598	-4.53808	-2.59251	7.29157	11.0182	-1.37614	
6.09443	-1.48194	0.267361	-1.99052	6.1253	-4.59084	-2.64111	7.30093	11.0327	-1.37703	
6.09974	-1.4802	0.269667	-1.99062	6.32841	-4.59569	-2.6842	7.278	11.0441	-1.37944	
6.1036	-1.47838	0.272149	-1.99074	6.55347	-4.58087	-2.73286	7.28502	11.0559	-1.38317	
6.11371	-1.47665	0.274492	-1.99085	6.1413	-4.70656	-2.78118	7.37881	11.068	-1.3841	
6.12105	-1.47406	0.277895	-1.99099	6.49546	-4.67789	-2.8561	7.44342	11.0765	-1.38961	
6.12809	-1.47225	0.280267	-1.99111	6.39663	-4.76428	-2.912	7.50215	11.0961	-1.38927	
6.13384	-1.47038	0.282722	-1.99137	6.44715	-4.80398	-2.97316	7.50936	11.1138	-1.39081	
6.13895	-1.46992	0.283296	-1.99139	6.61693	-4.7614	-2.98813	7.50279	11.1291	-1.39485	
6.14515	-1.46902	0.284491	-1.99141	6.28719	-4.86569	-3.0201	7.54464	11.1445	-1.39377	
6.1463	-1.46801	0.285838	-1.99143	6.96291	-4.67603	-3.05746	7.61058	11.1474	-1.40446	
6.14872	-1.46768	0.28631	-1.99158	6.89831	-4.69951	-3.07058	7.67463	11.1519	-1.40734	
6.15261	-1.46715	0.287023	-1.99163	6.84059	-4.73513	-3.09113	7.75703	11.1561	-1.40999	
6.16487	-1.4666	0.287652	-1.99171	6.89705	-4.72526	-3.10955	7.81749	11.1571	-1.4158	
6.16569	-1.46554	0.289049	-1.99178	6.92181	-4.75509	-3.15204	7.85832	11.1643	-1.42117	
6.17546	-1.46387	0.291158	-1.99187	6.93274	-4.79577	-3.21996	7.89916	11.1725	-1.42592	
6.18226	-1.46247	0.292956	-1.99207	6.92426	-4.83632	-3.28151	7.94105	11.1725	-1.43803	
6.19176	-1.46125	0.2945	-1.99231	7.00221	-4.84144	-3.33735	7.97667	11.1728	-1.44989	
6.20103	-1.46045	0.295597	-1.99299	7.07515	-4.83714	-3.37734	7.99693	11.1832	-1.45254	
6.20729	-1.45932	0.297049	-1.99333	7.1899	-4.81465	-3.43496	8.06104	11.1904	-1.45707	
6.20551	-1.45978	0.296694	-1.99423	7.10825	-4.84825	-3.41683	8.11285	11.1991	-1.45812	
6.20754	-1.46003	0.296528	-1.99495	7.22289	-4.79293	-3.40734	8.16266	11.2037	-1.46298	
6.21937	-1.45802	0.29903	-1.99502	6.18977	-5.27984	-3.51433	8.19493	11.2244	-1.45179	
6.23141	-1.45617	0.301302	-1.99512	6.07592	-5.39314	-3.62257	8.22801	11.2339	-1.45155	
6.2493	-1.45454	0.303244	-1.99516	5.88994	-5.51376	-3.72593	8.24439	11.2433	-1.45112	
6.26288	-1.45301	0.305037	-1.9952	6.12033	-5.51668	-3.83202	8.26205	11.2497	-1.45282	
6.27144	-1.45198	0.306268	-1.99532	6.29822	-5.51429	-3.91146	8.26584	11.2579	-1.45424	
6.28615	-1.4509	0.307509	-1.99554	6.01915	-5.67606	-3.99798	8.26415	11.269	-1.45536	
6.29885	-1.44966	0.308904	-1.99556	6.45165	-5.56384	-4.107	8.28285	11.2743	-1.46252	
6.31306	-1.44905	0.30959	-1.99561	6.33682	-5.65229	-4.16504	8.28604	11.2839	-1.46551	
6.31549	-1.44936	0.309258	-1.99668	6.29685	-5.65878	-4.1275	8.28176	11.2947	-1.46876	
6.31393	-1.45058	0.30801	-1.99821	6.29287	-5.60407	-4.01595	8.27442	11.3091	-1.46911	
6.31711	-1.45188	0.306576	-1.99998	6.18052	-5.5799	-3.90158	8.24965	11.324	-1.46851	
6.3235	-1.45208	0.306205	-2.00081	6.70482	-5.34807	-3.8718	8.18274	11.3337	-1.47303	
6.31744	-1.45433	0.303599	-2.00397	6.79213	-5.21081	-3.69843	8.09944	11.3463	-1.47444	
6.30738	-1.4623	0.294059	-2.01493	6.8392	-4.90211	-3.24434	8.01652	11.359	-1.4748	
6.28428	-1.48867	0.259188	-2.05874	6.80165	-4.24868	-2.41009	7.94439	11.3721	-1.47092	
6.29001	-1.49327	0.253981	-2.06894	6.82023	-4.18586	-2.32673	7.92243	11.3825	-1.4729	
6.27243	-1.50862	0.236496	-2.09528	6.69179	-4.02676	-2.09844	7.9026	11.3942	-1.47205	
6.23703	-1.54782	0.190071	-2.15587	6.73915	-3.67315	-1.68602	7.88642	11.4028	-1.47018	
6.20699	-1.58518	0.146085	-2.22057	6.80328	-3.4312	-1.41527	7.88489	11.4084	-1.4724	
6.21457	-1.58622	0.146775	-2.22455	6.80954	-3.43527	-1.41712	7.89421	11.4149	-1.47729	
6.20476	-1.59828	0.134017	-2.24284	6.83492	-3.37904	-1.35209	7.87386	11.4228	-1.47886	
6.19624	-1.6005	0.117452	-2.30074	6.59142	-3.29031	-1.26629	7.82699	11.4319	-1.47155	
6.20327	-1.59729	0.122868	-2.30314	6.52245	-3.31796	-1.28755	7.77282	11.4389	-1.47326	
6.20991	-1.5961	0.124702	-2.30368	7.11895	-3.29054	-1.29502	7.73621	11.4319	-1.4882	
6.19576	-1.59433	0.127765	-2.30434	7.18994	-3.29787	-1.30769	7.68701	11.4379	-1.49165	
6.21131	-1.58482	0.14109	-2.30503	7.31694	-3.33831	-1.36566	7.65528	11.4411	-1.4963	
6.22681	-1.57632	0.152921	-2.30596	7.29914	-3.39135	-1.42074	7.62404	11.4418	-1.50248	
6.24976	-1.56837	0.16374	-2.3069	7.06313	-3.46318	-1.47449	7.65123	11.4419	-1.50911	
6.25389	-1.56154	0.173376	-2.30795	6.90571	-3.52422	-1.52531	7.64714	11.4434	-1.51465	
6.27383	-1.55387	0.183842	-2.30914	6.71319	-3.59296	-1.58419	7.66946	11.4459	-1.51841	
6.29327	-1.54448	0.196594	-2.31152	6.69451	-3.66679	-1.66152	7.68936	11.4467	-1.52361	
6.30866	-1.538	0.205303	-2.31607	6.70365	-3.71691	-1.71737	7.70736	11.4471	-1.52872	
6.30253	-1.54792	0.194772	-2.33211	6.55723	-3.66092	-1.64192	7.68651	11.4482	-1.53139	
6.29683	-1.55293	0.189693	-2.34146	7.27823	-3.56933	-1.60711	7.66304	11.4361	-1.54755	
6.29721	-1.54999	0.192973	-2.34257	7.24553	-3.59039	-1.6267	7.61776	11.4321	-1.55655	
6.3005	-1.54769	0.195616	-2.34425	7.09748	-3.61951	-1.6425	7.56867	11.4313	-1.56274	
6.31192	-1.54536	0.196774	-2.36565	7.12157	-3.6107	-1.64172	7.5214	11.4273	-1.57035	
6.32081	-1.54332	0.200625	-2.38449	7.17294	-3.62368	-1.65939	7.48725	11.4244	-1.57874	
6.33565	-1.54117	0.202588	-2.40778	7.02013	-3.64181	-1.66513	7.45825	11.4265	-1.58214	
6.34195	-1.53986	0.205284	-2.41113	7.14019	-3.64868	-1.68173	7.42167	11.4243	-1.59183	
6.35225	-1.5373	0.208982	-2.4252	7.16797	-3.66105	-1.70142	7.41677	11.4263	-1.59571	
6.35128	-1.53613	0.211397	-2.42593	7.07381	-3.68806	-1.71763	7.41052	11.4324	-1.59678	
6.36492	-1.52817	0.222042	-2.42618	7.14326	-3.74787	-1.79404	7.41878	11.4343	-1.60089	
6.39229	-1.51588	0.238152	-2.42646	6.81269	-3.89996	-1.92394	7.43564	11.4427	-1.59886	
6.38922	-1.52336	0.227821	-2.45316	6.70424	-3.80702	-1.82647	7.4445	11.4484	-1.59738	
6.38751	-1.5251	0.226877	-2.45818	6.77003	-3.79784	-1.81705	7.44996	11.4534	-1.59814	
6.38927	-1.52456	0.227955	-2.46091	6.94389	-3.78961	-1.8242	7.44123	11.4562	-1.60071	
6.39251	-1.52467	0.228326	-2.46618	6.9136	-3.79379	-1.82507	7.42841	11.4612	-1.60062	
6.35578	-1.57515	0.170394	-2.55507	6.91363	-3.44968	-1.43732	7.46507	11.4633	-1.59788	
6.31908	-1.61816	0.119649	-2.64913	7.04789	-3.23243	-1.21124	7.50553	11.4636	-1.59687	
6.32012	-1.62024	0.121573	-2.65824	7.13166	-3.23636	-1.21828	7.51674	11.4638	-1.59904	
6.32721	-1.61604	0.127491	-2.66367	6.96528	-3.26861	-1.24105	7.52127	11.4684	-1.5983	
6.32649	-1.61484	0.128347	-2.67713	6.97734	-3.27016	-1.2443	7.50301	11.4712	-1.59908	
6.32193	-1.61435	0.117929	-2.73961	6.954	-3.21824	-1.20216	7.51093	11.474	-1.59559	
6.3177	-1.61892	0.102068	-2.80791	7.00749	-3.15409	-1.14444	7.53252	11.4759	-1.59209	
6.32754	-1.60743	0.100089	-2.86513	7.02955	-3.14448	-1.14739	7.54981	11.4779	-1.58763	
6.16191	-1.77563	-0.100685	-3.13536	7.19104	-2.74856	-0.708612	7.66838	11.4737	-1.58946	
6.14136	-1.78703	-0.0976439	-3.13935	7.20551	-2.75754	-0.714992	7.6703	11.4721	-1.59289	
6.15607	-1.77258	-0.0791157	-3.145	7.28283	-2.78845	-0.751563	7.66987	11.4747	-1.59489	
6.16926	-1.76801	-0.0728258	-3.14584	7.34894	-2.79852	-0.764197	7.66698	11.4768	-1.59818	
6.12385	-1.80839	-0.123282	-3.23223	7.24534	-2.72874	-0.686843	7.70954	11.4809	-1.59643	
5.99793	-1.93141	-0.268982	-3.42443	7.23916	-2.56527	-0.511385	7.80948	11.4826	-1.59478	
6.02981	-1.90846	-0.225171	-3.42643	7.27347	-2.62364	-0.570657	7.82023	11.486	-1.59609	
6.04664	-1.89904	-0.212472	-3.42678	6.99932	-2.65065	-0.588959	7.78617	11.4792	-1.60702	
6.05859	-1.89273	-0.203639	-3.42702	7.07393	-2.66144	-0.602055	7.75282	11.4757	-1.61548	
6.08174	-1.87924	-0.184353	-3.42741	7.05514	-2.6909	-0.631587	7.72679	11.4738	-1.62277	
6.10424	-1.86211	-0.159494	-3.42774	7.18981	-2.72546	-0.671868	7.68958	11.4756	-1.62782	
6.15159	-1.82722	-0.109278	-3.42787	6.86363	-2.82426	-0.761802	7.63407	11.4845	-1.62669	
6.19528	-1.79712	-0.0673338	-3.42881	6.87945	-2.90679	-0.848011	7.58033	11.4874	-1.63091	
6.22611	-1.77477	-0.0359869	-3.42932	6.73047	-2.98211	-0.92029	7.51376	11.4917	-1.63371	
6.23642	-1.7665	-0.0242686	-3.42958	6.67642	-3.01197	-0.949346	7.46603	11.4964	-1.63629	
6.245	-1.76012	-0.0148113	-3.43181	7.05511	-3.02154	-0.974473	7.43272	11.4954	-1.64448	
6.25205	-1.75497	-0.00728665	-3.43505	7.02487	-3.04222	-0.994954	7.40178	11.4972	-1.64914	
6.26096	-1.75013	-0.000739178	-3.43891	7.11864	-3.05557	-1.01353	7.37692	11.4982	-1.65517	
6.26885	-1.74291	0.00844004	-3.43904	7.17759	-3.07728	-1.03928	7.35071	11.5016	-1.65979	
6.27896	-1.73623	0.0173362	-3.43944	7.01636	-3.10947	-1.06516	7.34537	11.5082	-1.66156	
6.31641	-1.7113	0.0483148	-3.44104	7.09146	-3.19688	-1.16306	7.3009	11.5093	-1.66806	
6.27396	-1.75173	-0.00424762	-3.52819	7.09372	-3.06364	-1.03012	7.29545	11.5108	-1.67118	
6.09108	-1.92219	-0.215588	-3.78693	7.10023	-2.73006	-0.679553	7.32966	11.5098	-1.67408	
6.10804	-1.9105	-0.167763	-3.78711	7.1461	-2.8097	-0.760739	7.30564	11.5139	-1.67805	
6.15581	-1.87885	-0.124285	-3.78792	7.27523	-2.88511	-0.844867	7.31249	11.5173	-1.68453	
6.20114	-1.84576	-0.0800225	-3.78831	7.15733	-2.98485	-0.942685	7.29199	11.5288	-1.68491	
6.24612	-1.8134	-0.0364627	-3.78886	7.11947	-3.0935	-1.05446	7.25393	11.5386	-1.68664	
6.28955	-1.78371	0.00194478	-3.79049	7.15093	-3.20184	-1.17	7.2281	11.5476	-1.68931	
6.30292	-1.76483	0.014853	-3.81424	6.98785	-3.25294	-1.22536	7.20961	11.5595	-1.68622	
6.32766	-1.74823	0.0355521	-3.81546	6.91818	-3.32958	-1.30115	7.19019	11.5707	-1.68633	
6.35258	-1.7333	0.0540426	-3.81595	7.13563	-3.387	-1.37518	7.15736	11.5775	-1.69116	
6.36331	-1.72382	0.0669242	-3.81687	7.07778	-3.44329	-1.43142	7.13296	11.5882	-1.69188	
6.38005	-1.71454	0.0784207	-3.81727	6.87887	-3.50399	-1.48484	7.14321	11.5971	-1.69197	
6.31378	-1.78029	0.0020289	-3.91015	6.75744	-3.26792	-1.23452	7.24472	11.6039	-1.69051	
6.31972	-1.78133	0.00791203	-3.91335	6.76858	-3.2926	-1.25714	7.3348	11.61	-1.69292	
6.3374	-1.77398	0.0168719	-3.91367	6.93351	-3.31692	-1.28977	7.36437	11.6138	-1.69823	
6.34215	-1.76741	0.0255151	-3.91375	7.03187	-3.34309	-1.32241	7.36425	11.6177	-1.70261	
6.34613	-1.76059	0.0343374	-3.91381	6.88285	-3.38376	-1.35716	7.35215	11.624	-1.70438	
6.3583	-1.75366	0.042785	-3.91387	6.82082	-3.41949	-1.39192	7.33299	11.6283	-1.70691	
6.36991	-1.74501	0.0540851	-3.91401	7.05654	-3.45469	-1.44095	7.30564	11.6303	-1.71246	
6.37447	-1.74244	0.0574217	-3.91409	7.1294	-3.46503	-1.45603	7.27608	11.6331	-1.71709	
6.37901	-1.73971	0.0606861	-3.91417	6.99122	-3.488	-1.47106	7.24969	11.6399	-1.71793	
6.38647	-1.73311	0.0698539	-3.91425	6.84886	-3.53733	-1.51467	7.25058	11.6472	-1.71835	
6.3971	-1.72634	0.0784147	-3.91431	7.05294	-3.56649	-1.55757	7.25055	11.6506	-1.72254	
6.41981	-1.71236	0.0959272	-3.91445	7.06567	-3.65509	-1.65279	7.24592	11.6559	-1.72476	
6.44033	-1.70151	0.10962	-3.91465	6.73666	-3.75228	-1.73545	7.28859	11.6641	-1.72348	
6.44707	-1.69967	0.112037	-3.91472	6.8365	-3.76106	-1.75094	7.34791	11.668	-1.72623	
6.4495	-1.6979	0.114316	-3.91482	6.98429	-3.76732	-1.76583	7.39099	11.6745	-1.72915	
6.45323	-1.69564	0.117374	-3.91492	7.36718	-3.75457	-1.78619	7.43745	11.6781	-1.73518	
6.45771	-1.69249	0.121177	-3.91505	7.42798	-3.77286	-1.81219	7.45884	11.6869	-1.73711	
6.46819	-1.68684	0.128482	-3.91528	7.46398	-3.81428	-1.86431	7.52209	11.6923	-1.73963	
6.48075	-1.68043	0.136481	-3.91565	7.51039	-3.86387	-1.92518	7.54346	11.6974	-1.74226	
6.48689	-1.67516	0.143139	-3.9162	7.63993	-3.89276	-1.97931	7.55077	11.7	-1.74602	
6.49623	-1.67022	0.14913	-3.91632	7.28481	-3.98575	-2.03085	7.5405	11.7099	-1.74235	
6.50464	-1.66523	0.155315	-3.91648	7.12492	-4.05462	-2.08736	7.49759	11.7161	-1.74203	
6.513	-1.66041	0.161346	-3.91654	6.03392	-4.18234	-2.14604	7.46853	11.7283	-1.73591	
6.51019	-1.65914	0.163564	-3.91659	6.06244	-4.20339	-2.16862	7.45658	11.7332	-1.73654	
6.51606	-1.65629	0.167097	-3.91662	6.05157	-4.2404	-2.20575	7.43772	11.7377	-1.73729	
6.522	-1.65499	0.168661	-3.91664	6.03389	-4.25602	-2.2227	7.4478	11.7413	-1.73818	
6.52457	-1.65297	0.171231	-3.91671	6.02564	-4.28419	-2.25125	7.42278	11.7453	-1.73874	
6.52736	-1.6511	0.173638	-3.91677	6.10314	-4.30764	-2.27882	7.3939	11.7487	-1.73984	
6.53022	-1.64906	0.176494	-3.91679	5.91666	-4.34814	-2.31262	7.38097	11.7534	-1.73963	
6.54081	-1.64617	0.179972	-3.91681	5.87842	-4.39359	-2.35552	7.39401	11.7595	-1.73965	
