3.04232	-4.72693	-4.76096	-0.00870079	4.68017	-4.84073	-1.13395	7.99774	8.70835	-4.68596	
2.96814	-4.68149	-3.58632	0.358353	4.53048	-4.12392	-0.56304	8.01005	8.91935	-3.42226	
3.00991	-4.84011	-3.06116	0.512887	4.53437	-3.79635	-0.21668	8.03027	9.12181	-2.74485	
2.51053	-5.05513	-2.8274	0.343341	4.56279	-3.58628	-0.0650266	8.04746	9.28535	-2.24984	
2.52299	-5.35023	-2.84288	0.117354	4.6119	-3.62264	-0.098097	8.06405	9.42511	-1.89234	
2.46695	-5.51472	-2.83558	0.0515679	4.71645	-3.68261	-0.197242	8.05545	9.53943	-1.65872	
2.38213	-5.57678	-2.81449	0.0986457	4.81023	-3.67588	-0.199033	8.05654	9.6507	-1.47638	
2.43446	-5.50769	-2.79174	0.142227	4.85979	-3.60213	-0.152651	8.04759	9.75786	-1.38806	
2.65239	-5.36048	-2.6659	0.311193	5.08149	-3.53634	-0.146746	8.03872	9.8648	-1.32278	
2.63456	-5.18637	-2.48183	0.471361	5.37772	-3.44731	-0.0613885	8.04412	9.95325	-1.27897	
2.32801	-5.09403	-2.37792	0.609435	5.56416	-3.34589	-0.00700334	8.06009	10.0132	-1.24661	
2.28829	-4.6444	-2.2866	0.481605	5.39569	-3.17573	0.276375	8.0494	10.0523	-1.20681	
2.15803	-4.54122	-2.19306	0.155557	5.40484	-3.00958	0.443638	8.04029	10.0869	-1.15545	
2.09434	-4.47838	-2.16342	-0.100639	5.52206	-2.95249	0.434844	8.03606	10.1186	-1.11317	
2.96822	-4.06541	-1.9253	-0.160745	5.51614	-2.91308	0.338844	8.03248	10.1484	-1.07895	
3.06406	-4.05816	-1.84244	-0.249038	5.66863	-2.69755	0.320552	8.01671	10.175	-1.0284	
3.14477	-3.81755	-1.36739	0.0211715	5.67633	-2.82961	0.14653	8.01706	10.2025	-1.02153	
3.10607	-3.4488	-1.24971	-0.123009	5.55773	-2.54522	0.18518	8.0031	10.2756	-0.933538	
2.76451	-3.45427	-1.44908	-0.431696	4.96793	-2.4122	0.196789	7.99538	10.3482	-0.835411	
2.59778	-3.48518	-1.62209	-0.663065	4.94048	-2.41727	0.0661308	7.98974	10.411	-0.756624	
2.64175	-3.62726	-1.7983	-0.661438	5.00692	-2.6042	-0.0816289	7.99314	10.4718	-0.720969	
2.6818	-3.69933	-1.89846	-0.713205	4.85974	-2.68479	-0.226687	8.02611	10.5335	-0.680408	
2.62203	-3.55924	-1.59923	-0.387621	5.29961	-2.87234	-0.425904	8.06507	10.5917	-0.678999	
2.77318	-3.36716	-1.50153	-0.360201	5.37055	-2.75516	-0.450596	8.10305	10.6426	-0.652633	
2.76625	-3.21455	-1.36883	-0.283819	5.27981	-2.79322	-0.519019	8.11656	10.6922	-0.629562	
2.91292	-3.03525	-1.29242	-0.306578	5.30772	-2.67771	-0.48633	8.13202	10.7317	-0.603773	
2.67622	-3.04022	-1.25707	-0.184024	5.08166	-2.78662	-0.573699	8.14027	10.7707	-0.599836	
2.90227	-3.01789	-1.24456	-0.0857308	5.14227	-2.85843	-0.633539	8.1359	10.8128	-0.5994	
2.82332	-3.00506	-1.21182	0.00568554	5.52226	-2.90754	-0.690562	8.13375	10.8639	-0.600766	
3.05751	-2.96688	-1.17924	0.0852555	5.90049	-2.93214	-0.737748	8.1097	10.9111	-0.604193	
3.16812	-2.9358	-1.14606	0.144566	5.92004	-2.97239	-0.779382	8.07321	10.9574	-0.605544	
3.15659	-2.91214	-1.11213	0.191644	5.9699	-3.00575	-0.810505	8.04269	11.0123	-0.606018	
3.10509	-2.83777	-1.24435	0.00394392	6.09968	-2.55357	-0.397645	8.0221	11.0633	-0.549604	
3.24843	-2.81404	-1.27118	-0.11292	6.03488	-2.34936	-0.244819	8.02636	11.1052	-0.500787	
3.4105	-2.70732	-1.10751	-0.0954697	6.05685	-2.37998	-0.304072	8.04909	11.1365	-0.486781	
3.69927	-2.41908	-0.992841	-0.198239	6.0244	-2.15451	-0.271635	8.07122	11.1674	-0.439082	
3.73959	-2.27147	-0.850944	-0.218952	5.6053	-2.169	-0.325275	8.07283	11.1997	-0.414318	
3.7032	-2.13216	-0.777149	-0.289587	6.33181	-2.08445	-0.323846	8.0595	11.2335	-0.390038	
3.76618	-2.10295	-0.720447	-0.262131	6.3954	-2.12654	-0.361942	8.04217	11.2506	-0.393285	
3.99394	-2.01523	-0.678844	-0.267193	6.17717	-2.14484	-0.383436	8.01737	11.2693	-0.386411	
3.59423	-2.00258	-0.639426	-0.270789	6.49496	-2.15188	-0.40321	8.0081	11.2879	-0.382023	
3.5968	-1.9079	-0.57875	-0.30743	6.55857	-2.14014	-0.429173	7.99264	11.311	-0.365887	
3.62779	-1.84308	-0.485261	-0.295127	6.56744	-2.21358	-0.508531	7.95555	11.3339	-0.359792	
3.68735	-1.7871	-0.397506	-0.261685	6.51405	-2.31617	-0.612159	7.92294	11.3536	-0.359749	
3.74739	-1.71994	-0.303199	-0.230828	6.49334	-2.44735	-0.747635	7.88445	11.3768	-0.359841	
3.6804	-1.68252	-0.244105	-0.204956	6.49048	-2.54487	-0.849393	7.85222	11.3961	-0.362641	
3.76136	-1.64158	-0.193835	-0.190499	6.4713	-2.63515	-0.933426	7.82007	11.4105	-0.368219	
3.86462	-1.59744	-0.13539	-0.171587	6.46141	-2.75949	-1.06573	7.77754	11.4323	-0.368314	
3.9134	-1.56303	-0.0881726	-0.153832	6.59388	-2.87017	-1.19567	7.73892	11.4485	-0.372724	
3.8852	-1.7209	-0.356348	-0.482385	6.61144	-2.37719	-0.363137	7.72788	11.4631	-0.364569	
3.78424	-1.74111	-0.309823	-0.536207	6.7996	-2.33292	-0.377415	7.71346	11.4769	-0.358928	
3.88957	-1.70188	-0.268984	-0.577343	6.92687	-2.31682	-0.400434	7.68259	11.4912	-0.354812	
3.87185	-1.67507	-0.240973	-0.589346	6.4011	-2.34458	-0.424672	7.62914	11.5062	-0.350391	
3.88541	-1.64666	-0.221083	-0.611638	6.42741	-2.32924	-0.433839	7.58041	11.5185	-0.349225	
3.96731	-1.60446	-0.194914	-0.643858	6.78014	-2.30413	-0.452729	7.51907	11.5236	-0.355242	
3.89736	-1.68834	-0.337788	-0.849095	6.26017	-2.1718	-0.256718	7.48408	11.5402	-0.34518	
3.89419	-1.73155	-0.411628	-1.04622	6.18716	-2.10607	-0.185492	7.46325	11.5513	-0.338412	
3.90024	-1.70996	-0.367363	-1.13629	6.2098	-2.12918	-0.233419	7.42929	11.562	-0.336274	
3.91248	-1.71136	-0.402395	-1.2882	6.25647	-2.08368	-0.209905	7.4142	11.5725	-0.332902	
3.86088	-1.74033	-0.438624	-1.43755	6.2866	-2.04537	-0.200671	7.41228	11.5877	-0.32799	
3.91633	-1.69121	-0.337914	-1.42468	6.23433	-2.12019	-0.295171	7.40441	11.6074	-0.325498	
4.01214	-1.63194	-0.263245	-1.43295	6.12743	-2.17288	-0.37297	7.39481	11.6227	-0.322716	
4.134	-1.57433	-0.196278	-1.43244	6.25667	-2.23763	-0.454335	7.3723	11.64	-0.319922	
4.19055	-1.52839	-0.125465	-1.40824	6.20833	-2.33397	-0.556155	7.34785	11.6512	-0.323388	
4.26957	-1.48478	-0.0788662	-1.417	6.29406	-2.37715	-0.633394	7.35064	11.662	-0.323995	
4.29789	-1.46559	-0.090717	-1.48813	6.28557	-2.31098	-0.60527	7.34503	11.6729	-0.318115	
4.36945	-1.43549	-0.0500248	-1.48393	6.314	-2.37798	-0.676377	7.34421	11.6908	-0.315439	
4.36488	-1.42861	-0.0426603	-1.50196	6.4039	-2.37471	-0.685433	7.36298	11.708	-0.312766	
4.43569	-1.41039	-0.0223213	-1.51542	6.464	-2.40579	-0.721982	7.41717	11.7292	-0.310365	
4.415	-1.40249	-0.0323249	-1.5677	6.12213	-2.36772	-0.691255	7.43616	11.7521	-0.302524	
4.42671	-1.39191	-0.0513122	-1.65674	5.90971	-2.30488	-0.638764	7.45413	11.7725	-0.292686	
4.48342	-1.37505	-0.0515963	-1.70796	6.03289	-2.28659	-0.630198	7.46309	11.7914	-0.287551	
4.51003	-1.35588	-0.0233429	-1.70159	5.87109	-2.34155	-0.682263	7.4579	11.8058	-0.286376	
4.54311	-1.34268	-0.00619589	-1.70077	5.88164	-2.37375	-0.714092	7.44442	11.8195	-0.285698	
4.61823	-1.33598	-0.00279156	-1.7103	5.94365	-2.37633	-0.715865	7.4276	11.8329	-0.283492	
4.60956	-1.32073	0.0212389	-1.71577	6.00569	-2.42327	-0.762949	7.40724	11.8463	-0.283183	
4.61747	-1.29012	0.0687561	-1.70939	5.75278	-2.5354	-0.875902	7.37842	11.8601	-0.28319	
4.6541	-1.27492	0.0879859	-1.70261	5.83754	-2.58516	-0.927561	7.35053	11.8778	-0.283558	
4.69052	-1.25856	0.10906	-1.6955	5.98925	-2.64046	-0.988605	7.32055	11.8956	-0.28412	
4.75834	-1.23932	0.130979	-1.68866	6.37348	-2.69361	-1.05756	7.28833	11.9121	-0.286075	
4.77581	-1.22651	0.148977	-1.68239	6.47264	-2.74847	-1.11929	7.24849	11.93	-0.286949	
4.80875	-1.21078	0.169047	-1.67688	6.73562	-2.80789	-1.19411	7.20379	11.9495	-0.287979	
4.85557	-1.19523	0.187284	-1.67141	6.29654	-2.90305	-1.26911	7.15506	11.9684	-0.286293	
4.90981	-1.18264	0.202535	-1.66694	7.10456	-2.90755	-1.33692	7.11574	11.9789	-0.291307	
4.90418	-1.17718	0.213625	-1.6624	7.29471	-2.93431	-1.38996	7.09231	11.9908	-0.29448	
4.88539	-1.17363	0.221692	-1.6575	7.05623	-2.99888	-1.4311	7.06604	12.0031	-0.296841	
4.91031	-1.16324	0.235431	-1.65341	7.03412	-3.06999	-1.5061	7.04027	12.0158	-0.298727	
4.94612	-1.15368	0.247614	-1.64939	7.21548	-3.10956	-1.57866	7.02102	12.0217	-0.302843	
4.96856	-1.14833	0.253751	-1.6457	7.27766	-3.13565	-1.61766	7.00296	12.0281	-0.305953	
4.98248	-1.14384	0.259204	-1.64251	7.31836	-3.16161	-1.65383	6.98188	12.0331	-0.310209	
5.00218	-1.13997	0.262236	-1.63944	7.28426	-3.18561	-1.6747	6.95107	12.0402	-0.312513	
5.01108	-1.13431	0.271855	-1.63736	7.03046	-3.28223	-1.74354	6.92905	12.0495	-0.312587	
5.0675	-1.12182	0.287426	-1.63572	7.09223	-3.38274	-1.86809	6.9166	12.0562	-0.315047	
5.09966	-1.11409	0.297276	-1.63476	7.10784	-3.45737	-1.95605	6.90615	12.0631	-0.317331	
5.10298	-1.11152	0.301385	-1.63544	7.10945	-3.49058	-1.9928	6.88585	12.0692	-0.319475	
5.10724	-1.13692	0.271689	-1.67801	7.14044	-3.26585	-1.69601	6.88525	12.0752	-0.321178	
5.0738	-1.18358	0.220915	-1.74928	7.1485	-2.97014	-1.34832	6.87188	12.0805	-0.320838	
5.06741	-1.21522	0.185166	-1.81872	7.15865	-2.80625	-1.16895	6.85534	12.0859	-0.320739	
5.0522	-1.25843	0.128278	-1.92748	7.17284	-2.60891	-0.961923	6.84642	12.0912	-0.319233	
5.07227	-1.27185	0.11406	-2.00369	7.18271	-2.56218	-0.917396	6.8398	12.0968	-0.3181	
5.10259	-1.26673	0.124332	-2.04959	7.15474	-2.58016	-0.940429	6.8112	12.1028	-0.317764	
5.14383	-1.26594	0.126774	-2.10243	7.15744	-2.57996	-0.940945	6.79763	12.1085	-0.317583	
5.17224	-1.27367	0.120951	-2.15751	7.18792	-2.55541	-0.914922	6.7846	12.1137	-0.31791	
5.20885	-1.26438	0.135429	-2.19339	7.20711	-2.58524	-0.952025	6.77493	12.1196	-0.316963	
5.23186	-1.26656	0.135307	-2.24236	7.18368	-2.5798	-0.946701	6.78611	12.1257	-0.315443	
5.25998	-1.26641	0.136005	-2.29125	7.10072	-2.57892	-0.944415	6.79605	12.132	-0.313464	
5.29538	-1.2628	0.139391	-2.3369	7.12225	-2.57836	-0.950883	6.78961	12.1376	-0.312351	
5.29594	-1.26469	0.138734	-2.36344	7.11846	-2.572	-0.94714	6.7693	12.1438	-0.311521	
5.33202	-1.25469	0.147569	-2.39494	7.12231	-2.58584	-0.971863	6.74543	12.1498	-0.310485	
5.3613	-1.24847	0.152053	-2.43919	7.12256	-2.58636	-0.983407	6.72514	12.1558	-0.308875	
5.39558	-1.23604	0.168703	-2.46728	7.25849	-2.62123	-1.0354	6.70839	12.1608	-0.308997	
5.42376	-1.22066	0.190431	-2.48605	7.35007	-2.68141	-1.1101	6.69831	12.166	-0.309272	
5.44578	-1.21237	0.201551	-2.50416	7.35264	-2.71782	-1.15068	6.6848	12.1717	-0.309	
5.45846	-1.20826	0.207391	-2.51353	7.35838	-2.73954	-1.17289	6.66078	12.1775	-0.309025	
5.49654	-1.19436	0.223798	-2.51989	7.3637	-2.79999	-1.24031	6.64222	12.1831	-0.309149	
5.53253	-1.18114	0.240156	-2.53069	7.36232	-2.86618	-1.31299	6.63029	12.1888	-0.309129	
5.53083	-1.18191	0.241146	-2.53901	7.36869	-2.87186	-1.31672	6.61038	12.1944	-0.309342	
5.5607	-1.17319	0.251546	-2.54691	7.43478	-2.90994	-1.36661	6.60458	12.1995	-0.30992	
5.56488	-1.18441	0.2397	-2.57765	7.44319	-2.86098	-1.30544	6.60124	12.2053	-0.309588	
5.57117	-1.2025	0.21882	-2.61879	7.4468	-2.78202	-1.20977	6.59254	12.2109	-0.30921	
5.5727	-1.21805	0.203701	-2.66211	7.43766	-2.72974	-1.14677	6.59401	12.2165	-0.308656	
5.59236	-1.24245	0.176709	-2.71864	7.46888	-2.64468	-1.04761	6.59977	12.2213	-0.309088	
5.6022	-1.27513	0.145789	-2.80116	7.46204	-2.56264	-0.949611	6.63443	12.2261	-0.309177	
5.59131	-1.3096	0.114763	-2.89044	7.45315	-2.48898	-0.864201	6.66734	12.2306	-0.309057	
5.55918	-1.32803	0.10928	-2.95537	7.52623	-2.47447	-0.852404	6.71031	12.2343	-0.309941	
5.59666	-1.31821	0.130348	-2.98713	7.52949	-2.53007	-0.910974	6.75137	12.2381	-0.311189	
5.61027	-1.30776	0.146204	-2.99845	7.58318	-2.56899	-0.957705	6.76034	12.2416	-0.31286	
5.62807	-1.29601	0.162128	-3.00067	7.70958	-2.60273	-1.00741	6.76444	12.2442	-0.31555	
5.64604	-1.29274	0.170255	-3.02983	7.66682	-2.63304	-1.03491	6.81918	12.2487	-0.316336	
5.66603	-1.28962	0.179441	-3.05012	7.66661	-2.66355	-1.06702	6.86284	12.2525	-0.317873	
5.68327	-1.27745	0.195975	-3.05339	7.71995	-2.71216	-1.12687	6.8936	12.2558	-0.320082	
5.71365	-1.26072	0.21725	-3.05665	7.69095	-2.79043	-1.21113	6.9172	12.2604	-0.320957	
5.74576	-1.24738	0.234126	-3.06045	7.72187	-2.85143	-1.28475	6.93138	12.2637	-0.322874	
5.81712	-1.22745	0.25858	-3.06275	7.9497	-2.91824	-1.40467	6.93806	12.2639	-0.32785	
5.83462	-1.21333	0.276103	-3.06383	7.91298	-3.00579	-1.50252	6.94461	12.2664	-0.330452	
5.83493	-1.20203	0.29121	-3.06395	7.87293	-3.09051	-1.59697	6.96214	12.2674	-0.334233	
5.84536	-1.19144	0.304425	-3.06412	7.88133	-3.16368	-1.68893	6.97699	12.2675	-0.33901	
5.8577	-1.17925	0.319354	-3.06424	8.09912	-3.20247	-1.80588	6.98374	12.2653	-0.345732	
5.9013	-1.17139	0.328594	-3.06431	8.17883	-3.2389	-1.88678	7.006	12.2644	-0.350831	
5.89817	-1.16652	0.334765	-3.06451	8.06626	-3.31416	-1.94513	7.03611	12.2653	-0.353915	
5.95695	-1.16036	0.341712	-3.06464	8.08601	-3.35931	-2.01567	7.11976	12.2633	-0.359848	
5.93956	-1.15105	0.352518	-3.06469	7.94045	-3.48987	-2.13754	7.1258	12.2661	-0.360725	
5.95463	-1.14306	0.362366	-3.0648	7.75134	-3.6371	-2.26461	7.13476	12.2679	-0.362488	
5.96684	-1.13635	0.370568	-3.0649	7.72608	-3.73139	-2.3855	7.12303	12.2685	-0.365586	
5.98628	-1.12994	0.378434	-3.06497	7.64616	-3.84847	-2.51815	7.12629	12.2633	-0.374245	
5.99705	-1.12582	0.38335	-3.06506	7.57823	-3.935	-2.61158	7.11149	12.2582	-0.382857	
6.02223	-1.12093	0.389191	-3.06522	7.65981	-3.98951	-2.73599	7.12862	12.2489	-0.395449	
6.05769	-1.11776	0.392607	-3.06613	7.72749	-4.01502	-2.81655	7.16178	12.2417	-0.406039	
6.02257	-1.15859	0.350687	-3.11342	7.51314	-3.59073	-2.10545	7.2049	12.2391	-0.412417	
5.99072	-1.23134	0.272932	-3.21045	7.52981	-3.06222	-1.47901	7.21767	12.2353	-0.419707	
5.9524	-1.25988	0.247438	-3.25879	7.50883	-2.9451	-1.34835	7.22412	12.2362	-0.422563	
5.93171	-1.26458	0.245746	-3.26668	7.59149	-2.92996	-1.34088	7.22287	12.2363	-0.426592	
5.93596	-1.27059	0.239354	-3.27981	7.74302	-2.88517	-1.31151	7.21574	12.2348	-0.431672	
5.92633	-1.27377	0.236248	-3.29097	7.82556	-2.86214	-1.29849	7.18486	12.2342	-0.435696	
5.92842	-1.27666	0.232736	-3.30287	7.69764	-2.86551	-1.2841	7.14519	12.2378	-0.435813	
5.92554	-1.28081	0.228479	-3.31256	7.70994	-2.84839	-1.26626	7.1132	12.2373	-0.440128	
5.92013	-1.28409	0.225147	-3.32198	7.77106	-2.8285	-1.25266	7.08622	12.2375	-0.443962	
5.92044	-1.28573	0.223724	-3.32863	7.78806	-2.82175	-1.24723	7.06645	12.2387	-0.446744	
5.9244	-1.28693	0.22229	-3.33698	7.81545	-2.81387	-1.24201	7.05214	12.2408	-0.449536	
5.91749	-1.29433	0.21454	-3.35415	7.71915	-2.79753	-1.21083	7.04286	12.2442	-0.451146	
5.88055	-1.34336	0.16182	-3.42169	7.54543	-2.64705	-1.02438	7.06362	12.2471	-0.453076	
5.84309	-1.37642	0.126654	-3.47349	7.56088	-2.55787	-0.929145	7.08246	12.2466	-0.45802	
5.86789	-1.36951	0.137641	-3.48198	7.72284	-2.57672	-0.963423	7.15312	12.2438	-0.465444	
5.88249	-1.35851	0.150888	-3.48312	7.66694	-2.6197	-1.0046	7.1754	12.2365	-0.477474	
5.90438	-1.34726	0.164007	-3.48403	7.65586	-2.6602	-1.04759	7.17433	12.2279	-0.490859	
5.93968	-1.32572	0.189953	-3.48446	7.58579	-2.75071	-1.14008	7.19398	12.2228	-0.500185	
5.9004	-1.36967	0.138604	-3.57652	7.43491	-2.61187	-0.976368	7.21272	12.2231	-0.503842	
5.87992	-1.3939	0.105564	-3.66498	7.68566	-2.51115	-0.895997	7.20735	12.2197	-0.510177	
5.84809	-1.41649	0.0684148	-3.76569	7.7373	-2.42931	-0.817916	7.24527	12.2178	-0.514669	
5.81686	-1.44323	0.0267491	-3.87859	7.72772	-2.3506	-0.736315	7.27744	12.2194	-0.515956	
5.75405	-1.5252	-0.0609864	-4.01058	7.6048	-2.21768	-0.581375	7.3017	12.2231	-0.516119	
5.75819	-1.51702	-0.0503277	-4.04535	7.66996	-2.23399	-0.603571	7.29903	12.2239	-0.519205	
5.78668	-1.48965	-0.0159504	-4.04704	7.59904	-2.29771	-0.666584	7.27987	12.2261	-0.521334	
5.85611	-1.45882	0.0211295	-4.0474	7.76763	-2.35777	-0.741787	7.27318	12.2263	-0.526286	
5.86666	-1.43272	0.0536315	-4.04791	7.84086	-2.41991	-0.81532	7.28941	12.2275	-0.529229	
5.90007	-1.41263	0.0779951	-4.04858	7.68242	-2.48896	-0.875994	7.35736	12.2318	-0.529205	
5.9177	-1.3945	0.0999811	-4.04995	7.65471	-2.5465	-0.935748	7.3813	12.2345	-0.530641	
5.94236	-1.37914	0.118492	-4.05813	7.73786	-2.59134	-0.991844	7.42307	12.2356	-0.533538	
5.95371	-1.36927	0.128574	-4.07644	7.7576	-2.62046	-1.02741	7.47021	12.238	-0.53497	
5.9314	-1.3949	0.0952484	-4.14217	7.76159	-2.54013	-0.943	7.50376	12.2401	-0.535643	
5.8973	-1.432	0.0490345	-4.22051	7.98369	-2.42088	-0.836455	7.53529	12.2378	-0.540519	
5.87996	-1.46231	0.0163134	-4.2864	7.98178	-2.36454	-0.773281	7.58736	12.2358	-0.544598	
5.81488	-1.50898	-0.048444	-4.41997	7.8166	-2.27541	-0.666421	7.59949	12.2363	-0.545368	
5.79348	-1.5211	-0.071136	-4.50144	7.67765	-2.25688	-0.640348	7.61362	12.2369	-0.546634	
5.7923	-1.52483	-0.0795787	-4.54241	7.68533	-2.24793	-0.632592	7.62975	12.2356	-0.549963	
5.80651	-1.5149	-0.0661154	-4.54286	7.66939	-2.27175	-0.656513	7.64396	12.2368	-0.551519	
5.84112	-1.49488	-0.0414475	-4.54415	7.67445	-2.31515	-0.702782	7.66944	12.2375	-0.55353	
5.85691	-1.47438	-0.016076	-4.54509	7.74908	-2.35838	-0.754005	7.67524	12.2371	-0.556383	
5.85647	-1.50406	-0.0492583	-4.63603	8.12987	-2.28004	-0.700679	7.72247	12.2315	-0.563651	
5.83133	-1.51621	-0.0569917	-4.66812	8.18051	-2.26657	-0.690663	7.73129	12.2308	-0.565625	
5.84443	-1.50936	-0.0470132	-4.67204	8.21796	-2.28151	-0.710531	7.76303	12.2293	-0.568929	
5.83013	-1.52304	-0.0633195	-4.70765	7.74937	-2.30132	-0.69062	7.783	12.2361	-0.564169	
5.66277	-1.70235	-0.2832	-5.03423	7.92624	-2.07285	-0.45947	7.86719	12.2319	-0.568652	
5.54811	-1.80033	-0.430881	-5.32329	7.94501	-2.02771	-0.417538	7.94373	12.2297	-0.571102	
5.55612	-1.79402	-0.397744	-5.33116	8.03998	-2.05685	-0.454558	7.93581	12.2279	-0.574984	
5.56589	-1.77329	-0.368702	-5.33272	7.9657	-2.09184	-0.486801	7.93133	12.2248	-0.579946	
5.62526	-1.71462	-0.302947	-5.36414	7.91474	-2.17694	-0.576351	7.92782	12.2214	-0.584448	
5.62824	-1.73419	-0.346528	-5.49477	7.99148	-2.15875	-0.566816	7.93583	12.2165	-0.589436	
5.63535	-1.73461	-0.344731	-5.52134	8.21227	-2.15364	-0.578968	7.95845	12.2083	-0.598976	
5.68868	-1.67894	-0.313461	-5.61469	8.23224	-2.2358	-0.679457	8.00977	12.202	-0.604953	
5.70855	-1.63167	-0.266369	-5.66797	7.93846	-2.35592	-0.786482	7.99579	12.2028	-0.604586	
5.71058	-1.62406	-0.253155	-5.69111	7.93546	-2.3844	-0.816956	7.98142	12.1992	-0.609707	
5.69758	-1.6246	-0.25024	-5.70711	7.88519	-2.39816	-0.82742	7.94046	12.1964	-0.614184	
5.74814	-1.61281	-0.236898	-5.71244	8.0492	-2.40769	-0.853458	7.91362	12.1903	-0.622368	
5.7373	-1.60592	-0.227211	-5.72005	7.9092	-2.43947	-0.874097	7.88868	12.19	-0.625498	
5.73695	-1.59743	-0.213883	-5.72441	7.95868	-2.46019	-0.901488	7.87719	12.1866	-0.631583	
5.78043	-1.57201	-0.184244	-5.75598	7.97217	-2.52233	-0.973213	7.88416	12.1871	-0.633428	
5.785	-1.56905	-0.178888	-5.81088	7.94554	-2.54907	-1.00222	7.8884	12.188	-0.634576	
5.76691	-1.58918	-0.197338	-5.84592	7.88285	-2.52745	-0.970718	7.89519	12.1899	-0.635336	
5.77964	-1.58671	-0.193124	-5.8527	7.9554	-2.53143	-0.982025	7.89332	12.1899	-0.638167	
5.79254	-1.57683	-0.180485	-5.85423	7.89124	-2.56396	-1.0109	7.88543	12.192	-0.63891	
5.81038	-1.56894	-0.1699	-5.85513	8.07172	-2.56821	-1.03576	7.88803	12.1905	-0.643347	
5.82353	-1.56059	-0.159295	-5.85537	8.06234	-2.59243	-1.06146	7.89206	12.1919	-0.6449	
5.82652	-1.55037	-0.146307	-5.85545	7.70291	-2.65739	-1.09422	7.88042	12.1971	-0.642467	
5.83368	-1.54046	-0.132879	-5.85545	7.95271	-2.66594	-1.12973	7.85813	12.1926	-0.649929	
5.91973	-1.48775	-0.0676955	-5.85626	7.7824	-2.86519	-1.33139	7.84971	12.1955	-0.650493	
5.93692	-1.47894	-0.0552333	-5.89199	7.51056	-2.93408	-1.38377	7.84351	12.1993	-0.649738	
5.95655	-1.4764	-0.0515843	-5.89342	7.49073	-2.95002	-1.39796	7.8464	12.1995	-0.652876	
5.94072	-1.47349	-0.0477021	-5.89374	7.75009	-2.93861	-1.41308	7.82589	12.1972	-0.658673	
5.97209	-1.4606	-0.0324748	-5.89403	7.7641	-2.99226	-1.47521	7.80313	12.197	-0.662383	
5.98784	-1.44645	-0.0149255	-5.89483	7.71877	-3.06696	-1.55341	7.78389	12.1979	-0.664971	
6.00024	-1.43379	0.00157597	-5.89499	7.87885	-3.11509	-1.63414	7.77379	12.1986	-0.667996	
6.02033	-1.42137	0.0165856	-5.89563	7.56295	-3.22804	-1.71517	7.76337	12.2052	-0.665222	
6.01705	-1.43288	0.00295781	-5.92592	7.44442	-3.18421	-1.6544	7.74694	12.2092	-0.664883	
6.01598	-1.4345	0.00204847	-5.93399	7.62555	-3.16244	-1.65327	7.72671	12.211	-0.66709	
6.03559	-1.43131	0.00543929	-5.93481	7.56325	-3.18696	-1.67158	7.70993	12.2144	-0.668006	
6.04786	-1.41547	0.0262245	-5.93512	7.63725	-3.28226	-1.79092	7.7141	12.2168	-0.66998	
6.08152	-1.39719	0.0476061	-5.93582	7.70628	-3.39402	-1.934	7.70864	12.2192	-0.671874	
6.07992	-1.39464	0.0511017	-5.93678	7.80608	-3.39947	-1.96036	7.70017	12.2214	-0.673977	
6.07919	-1.39346	0.0531294	-5.93935	7.83673	-3.40793	-1.97717	7.69332	12.2242	-0.675151	
6.08075	-1.39548	0.0510467	-5.9461	7.82994	-3.40054	-1.9654	7.68588	12.228	-0.675664	
6.07545	-1.41009	0.0352081	-5.98132	8.02284	-3.28986	-1.87742	7.6821	12.2284	-0.679028	
6.0746	-1.42817	0.0168454	-6.01721	8.02829	-3.20762	-1.77585	7.67237	12.2314	-0.679884	
6.05906	-1.45075	-0.00695127	-6.06168	7.85814	-3.13737	-1.66069	7.66207	12.2366	-0.67836	
6.02992	-1.47911	-0.0347833	-6.0945	7.98024	-3.01745	-1.53714	7.66128	12.2377	-0.681369	
6.0775	-1.47961	-0.0344252	-6.09625	8.1326	-2.99512	-1.53934	7.66372	12.2363	-0.685858	
6.07562	-1.48005	-0.0338864	-6.09688	8.14221	-2.99576	-1.54199	7.71822	12.2362	-0.688748	
6.03295	-1.47907	-0.0323049	-6.09704	8.01731	-3.02187	-1.54922	7.725	12.2385	-0.688743	
6.03003	-1.47668	-0.0286231	-6.09737	8.27296	-2.99322	-1.5663	7.73829	12.2347	-0.695121	
6.0354	-1.47719	-0.0294112	-6.0998	8.49082	-2.94632	-1.56348	7.7342	12.2294	-0.702254	
6.03009	-1.47841	-0.030182	-6.10234	8.39846	-2.96479	-1.56049	7.72943	12.2301	-0.703747	
6.03885	-1.47914	-0.0308422	-6.10467	8.6027	-2.91743	-1.55839	7.72987	12.2245	-0.711419	
6.03776	-1.47663	-0.0272257	-6.10591	8.50475	-2.95396	-1.5756	7.73346	12.2258	-0.712076	
6.07078	-1.47289	-0.0240406	-6.10613	8.91424	-2.85587	-1.59076	7.74244	12.2106	-0.729163	
6.05468	-1.47069	-0.0209266	-6.10707	8.77295	-2.90937	-1.60593	7.73523	12.2089	-0.733078	
6.04863	-1.46905	-0.0182585	-6.10781	8.98229	-2.85513	-1.61914	7.71523	12.1834	-0.760569	
6.07536	-1.46123	-0.00691096	-6.12196	9.02786	-2.87973	-1.67873	7.73162	12.1522	-0.793563	
6.06756	-1.46575	-0.00935265	-6.13821	9.02951	-2.8741	-1.66922	7.73062	12.124	-0.823449	
6.08938	-1.45906	-0.000738187	-6.14216	9.16066	-2.8561	-1.71656	7.74475	12.0903	-0.859257	
6.08061	-1.47456	-0.0142986	-6.17865	8.69019	-2.97366	-1.65564	7.76049	12.0886	-0.8629	
6.07888	-1.47649	-0.0152596	-6.18508	8.55992	-3.00682	-1.65302	7.74455	12.069	-0.884494	
6.07999	-1.47985	-0.0181282	-6.19499	8.18989	-3.07669	-1.63955	7.70808	12.0595	-0.895875	
6.08059	-1.47616	-0.013391	-6.19569	8.22955	-3.0891	-1.66395	7.67822	12.0372	-0.919978	
6.08351	-1.47724	-0.0137688	-6.20261	8.26605	-3.08093	-1.66265	7.64996	12.0141	-0.944628	
6.09903	-1.48393	-0.0199062	-6.21399	8.18684	-3.07242	-1.63247	7.65839	11.9928	-0.967439	
6.09054	-1.48148	-0.0165533	-6.21506	8.16496	-3.09073	-1.64966	7.67144	11.9702	-0.991542	
6.10082	-1.47794	-0.0123584	-6.21575	8.02905	-3.13229	-1.67155	7.70102	11.9341	-1.02898	
6.10616	-1.47477	-0.00874553	-6.21626	8.06356	-3.14276	-1.69082	7.69954	11.897	-1.06735	
6.12193	-1.47332	-0.00687153	-6.21857	8.10832	-3.14372	-1.70127	7.71613	11.8592	-1.1065	
6.13037	-1.47408	-0.00719137	-6.22342	8.1154	-3.14207	-1.70018	7.7373	11.8326	-1.13457	
6.1288	-1.47474	-0.00741088	-6.2281	7.9031	-3.17723	-1.69954	7.75658	11.8108	-1.15805	
6.15224	-1.47256	-0.00527171	-6.22814	7.94226	-3.18117	-1.71125	7.76794	11.7815	-1.18881	
6.148	-1.47079	-0.00277439	-6.22814	7.83512	-3.20936	-1.72512	7.79467	11.7475	-1.22443	
6.11898	-1.46843	0.000454448	-6.22815	7.80869	-3.2295	-1.74339	7.7831	11.7189	-1.25493	
6.12451	-1.46647	0.00260299	-6.22825	7.79167	-3.24308	-1.75578	7.7537	11.6896	-1.28644	
6.12271	-1.4645	0.00514431	-6.22856	7.80597	-3.25412	-1.77071	7.72834	11.6742	-1.30419	
6.12689	-1.46216	0.00789998	-6.22858	7.8563	-3.26049	-1.78715	7.70047	11.6694	-1.31103	
6.12993	-1.46035	0.0101812	-6.22894	7.77652	-3.28464	-1.80109	7.69125	11.6675	-1.31462	
6.15324	-1.44962	0.0225781	-6.22915	7.65578	-3.37008	-1.88054	7.68729	11.6651	-1.31867	
6.17065	-1.44318	0.0298262	-6.22922	7.55547	-3.42783	-1.93058	7.6773	11.6623	-1.32353	
6.18691	-1.4331	0.041566	-6.22938	7.45095	-3.51784	-2.01822	7.6306	11.6598	-1.32796	
6.1866	-1.43116	0.0438592	-6.22949	7.55852	-3.51882	-2.03644	7.57193	11.6547	-1.33496	
6.19306	-1.42882	0.0464049	-6.22958	7.71432	-3.51172	-2.05713	7.49727	11.6475	-1.34397	
6.21357	-1.41748	0.0596396	-6.22963	7.50446	-3.64348	-2.17279	7.43707	11.6498	-1.34373	
6.1971	-1.43663	0.0395032	-6.26391	7.81736	-3.46117	-2.02218	7.38428	11.6399	-1.35528	
6.19513	-1.43774	0.0394391	-6.26699	7.70382	-3.48335	-2.02353	7.32224	11.6357	-1.36174	
6.19073	-1.43823	0.0394344	-6.27143	7.68753	-3.48805	-2.02612	7.28931	11.6236	-1.37613	
6.19081	-1.44662	0.0302881	-6.28565	7.64217	-3.44069	-1.96468	7.26626	11.6109	-1.38951	
6.18719	-1.45315	0.0232773	-6.29923	7.58661	-3.41122	-1.9223	7.2148	11.6074	-1.39344	
6.18491	-1.46653	0.00819894	-6.32989	7.73826	-3.31741	-1.84025	7.17586	11.6016	-1.39918	
6.18757	-1.46403	0.0121395	-6.33105	7.81747	-3.32859	-1.86637	7.1219	11.597	-1.40452	
6.19825	-1.46005	0.016591	-6.33121	7.67398	-3.37509	-1.89612	7.0692	11.5978	-1.40426	
6.20157	-1.45701	0.0201566	-6.33142	7.62539	-3.40385	-1.92076	7.01312	11.5972	-1.40596	
6.19905	-1.45737	0.0201721	-6.3355	7.61024	-3.40845	-1.92356	6.96287	11.5958	-1.4083	
6.20659	-1.45544	0.0225255	-6.33584	7.79476	-3.39511	-1.94039	6.93387	11.5866	-1.41832	
6.20973	-1.45297	0.0254786	-6.33587	7.90557	-3.39486	-1.9617	6.93132	11.5816	-1.42515	
6.21109	-1.44979	0.0290104	-6.33588	7.64864	-3.45949	-1.98786	6.88235	11.5857	-1.42301	
6.21648	-1.44658	0.0326943	-6.33592	7.55022	-3.49768	-2.01602	6.83405	11.5855	-1.42481	
6.2259	-1.44392	0.0356838	-6.33623	7.2956	-3.55171	-2.03975	6.79562	11.5792	-1.43321	
6.23621	-1.4367	0.0440171	-6.33653	7.36767	-3.60402	-2.10901	6.76511	11.5671	-1.44745	
6.23686	-1.43411	0.0469801	-6.33673	7.57382	-3.59638	-2.13506	6.72235	11.5518	-1.46433	
6.24023	-1.43153	0.0499804	-6.33675	7.74317	-3.59045	-2.16207	6.68403	11.5454	-1.47243	
6.25352	-1.42825	0.0534146	-6.33675	7.83563	-3.59845	-2.19402	6.6227	11.5398	-1.47978	
6.251	-1.42597	0.0562552	-6.3368	7.82692	-3.62203	-2.22135	6.5747	11.5365	-1.48472	
6.24418	-1.42445	0.0584021	-6.33765	7.82932	-3.63908	-2.24319	6.53457	11.5282	-1.49447	
6.25056	-1.42316	0.0598223	-6.33776	7.98673	-3.61385	-2.25756	6.49685	11.5162	-1.50753	
6.25251	-1.42124	0.0620921	-6.33823	7.75465	-3.68511	-2.2811	6.46925	11.517	-1.50805	
6.26027	-1.41952	0.0640873	-6.33839	7.68779	-3.71575	-2.30221	6.51382	11.5131	-1.5134	
6.26519	-1.41758	0.0663171	-6.33849	7.74374	-3.72427	-2.32635	6.56921	11.5064	-1.52177	
6.26179	-1.41594	0.0682697	-6.33867	7.66757	-3.75763	-2.3481	6.56758	11.502	-1.52804	
6.26376	-1.41496	0.0694538	-6.33904	7.68086	-3.76574	-2.3617	6.58811	11.4974	-1.53416	
6.26464	-1.41322	0.0715324	-6.33976	7.68842	-3.78393	-2.3861	6.57765	11.4936	-1.53944	
6.27318	-1.40943	0.0758341	-6.33984	7.66071	-3.83093	-2.4378	6.57834	11.4909	-1.54357	
6.27681	-1.40773	0.0777673	-6.33988	7.56864	-3.87064	-2.462	6.58036	11.4936	-1.54343	
6.27838	-1.40601	0.0797601	-6.33992	7.67855	-3.86795	-2.48763	6.58734	11.4929	-1.54679	
6.28264	-1.40429	0.0816965	-6.33997	7.6997	-3.8835	-2.51324	6.5917	11.494	-1.54839	
6.2853	-1.40276	0.0834622	-6.34016	7.6919	-3.90425	-2.53724	6.60525	11.4956	-1.54943	
6.2904	-1.4014	0.0850076	-6.3403	7.68956	-3.92401	-2.55881	6.66877	11.4988	-1.55041	
6.2903	-1.40004	0.0865987	-6.34045	7.6672	-3.94479	-2.58152	6.71201	11.4968	-1.55461	
6.29462	-1.3986	0.08824	-6.3405	7.45705	-4.01035	-2.6055	6.81059	11.4985	-1.55499	
6.29857	-1.39739	0.0896382	-6.34069	7.85379	-3.93071	-2.62648	6.94384	11.4858	-1.56958	
6.30152	-1.39631	0.0908704	-6.34089	7.898	-3.93205	-2.64537	7.0595	11.4802	-1.57702	
6.30509	-1.39528	0.0920601	-6.34111	7.94702	-3.93087	-2.66401	7.16164	11.4721	-1.587	
6.31879	-1.38996	0.0980181	-6.34126	7.95768	-3.99886	-2.76286	7.2832	11.4699	-1.59314	
6.32027	-1.40031	0.0879895	-6.35992	7.74352	-3.95314	-2.61013	7.4438	11.4733	-1.59339	
6.33342	-1.39962	0.0888231	-6.36006	7.82551	-3.94353	-2.62266	7.56442	11.4662	-1.60465	
6.32386	-1.39872	0.0899867	-6.36011	7.71526	-3.98463	-2.64036	7.64554	11.4646	-1.60925	
6.32264	-1.3977	0.091145	-6.36015	7.82511	-3.96635	-2.65831	7.69367	11.4581	-1.61656	
6.32884	-1.39658	0.0924389	-6.36018	7.67025	-4.02219	-2.67877	7.80419	11.4334	-1.64174	
6.33244	-1.39614	0.0929425	-6.36061	7.68245	-4.02564	-2.687	7.90847	11.3997	-1.67597	
6.32948	-1.39563	0.0936504	-6.3612	7.72752	-4.02298	-2.69865	8.0111	11.3782	-1.69824	
6.33865	-1.39504	0.0943504	-6.36184	7.54652	-4.07874	-2.71035	8.12572	11.3645	-1.71364	
6.33699	-1.39379	0.0957918	-6.36193	7.43487	-4.12355	-2.73452	8.23444	11.3513	-1.72899	
6.34613	-1.39293	0.0967577	-6.36252	7.53968	-4.11407	-2.75197	8.27256	11.3451	-1.73764	
6.34179	-1.39927	0.0904796	-6.37355	7.51487	-4.04531	-2.65706	8.25055	11.3381	-1.74679	
6.35327	-1.4039	0.0855943	-6.38319	7.70207	-3.95446	-2.59566	8.20905	11.3262	-1.76061	
6.35222	-1.40333	0.086535	-6.38624	7.72067	-3.96317	-2.6135	8.16598	11.3089	-1.77927	
6.35041	-1.40006	0.0902292	-6.38628	7.60737	-4.034	-2.67022	8.1358	11.3024	-1.78739	
6.36411	-1.39824	0.0921946	-6.38629	7.58056	-4.06514	-2.70182	8.09956	11.2935	-1.79823	
6.36496	-1.39626	0.0944551	-6.38629	7.63345	-4.081	-2.73952	8.08496	11.2837	-1.80982	
6.37682	-1.3945	0.0963403	-6.38631	7.73259	-4.08018	-2.77215	8.07866	11.2711	-1.82473	
6.36462	-1.39343	0.0976735	-6.38631	7.6818	-4.11083	-2.79593	8.08453	11.2518	-1.84567	
6.37793	-1.39226	0.0989268	-6.38631	7.66701	-4.132	-2.81884	8.10064	11.2318	-1.86735	
6.39122	-1.39156	0.0996095	-6.38631	7.45224	-4.19496	-2.83156	8.11786	11.2163	-1.88383	
6.38779	-1.39053	0.100847	-6.38631	7.56002	-4.18703	-2.85505	8.11866	11.2057	-1.89572	
6.39114	-1.3899	0.101496	-6.38632	7.50776	-4.2113	-2.86761	8.13776	11.1999	-1.90362	
6.3913	-1.38876	0.102812	-6.38635	7.47613	-4.23921	-2.8936	8.12209	11.1944	-1.91141	
6.38974	-1.38755	0.104208	-6.38638	7.55145	-4.24179	-2.92198	8.08204	11.1937	-1.91456	
6.38474	-1.38634	0.105606	-6.3864	7.52034	-4.27208	-2.95128	8.04391	11.1954	-1.91527	
6.38844	-1.38532	0.106722	-6.38642	7.67222	-4.24652	-2.9753	8.00655	11.1796	-1.93338	
6.38445	-1.38471	0.107442	-6.38644	7.53889	-4.29699	-2.99114	7.96071	11.1817	-1.93345	
6.38784	-1.3834	0.108909	-6.38646	7.57524	-4.31097	-3.02425	7.89967	11.1788	-1.93852	
6.39246	-1.38221	0.11022	-6.3865	7.60085	-4.32553	-3.05484	7.83458	11.1759	-1.94356	
6.39406	-1.38117	0.111394	-6.38652	7.59957	-4.34624	-3.0831	7.77109	11.1739	-1.94772	
6.39559	-1.38076	0.111855	-6.38654	7.62353	-4.34722	-3.0944	7.72434	11.1708	-1.95306	
6.39682	-1.37986	0.112871	-6.38663	7.84345	-4.28995	-3.11987	7.6886	11.1606	-1.9654	
6.4003	-1.37881	0.114055	-6.38668	7.7477	-4.34502	-3.15039	7.66832	11.1611	-1.96705	
6.40325	-1.37793	0.115057	-6.3869	7.69569	-4.3815	-3.17705	7.64771	11.16	-1.97033	
6.40477	-1.37731	0.115779	-6.38719	7.68832	-4.39775	-3.1968	7.62944	11.1562	-1.97629	
6.41336	-1.37674	0.116426	-6.3875	7.68297	-4.41062	-3.21477	7.61563	11.1409	-1.99297	
6.40979	-1.37606	0.117219	-6.38763	7.70539	-4.41757	-3.23723	7.60258	11.1317	-2.00368	
6.41339	-1.37533	0.118034	-6.38773	7.67035	-4.44586	-3.26086	7.5791	11.1245	-2.01244	
6.41291	-1.37555	0.117908	-6.38876	7.64804	-4.45244	-3.25735	7.5527	11.117	-2.02143	
6.41475	-1.37509	0.118462	-6.38914	7.67315	-4.45486	-3.27374	7.52601	11.1165	-2.02365	
6.41484	-1.37562	0.118016	-6.39061	7.70083	-4.43793	-3.26132	7.47521	11.1145	-2.02725	
6.41597	-1.37538	0.118356	-6.39126	7.64813	-4.46484	-3.27168	7.44759	11.1155	-2.02808	
6.41784	-1.37455	0.119278	-6.39129	7.65203	-4.48237	-3.29945	7.42175	11.1156	-2.03013	
6.41786	-1.37431	0.119593	-6.39174	7.58204	-4.51437	-3.3093	7.41353	11.1151	-2.03267	
6.41939	-1.37416	0.119816	-6.39234	7.58511	-4.51975	-3.3165	7.40462	11.1131	-2.03721	
6.42208	-1.37401	0.120043	-6.39301	7.60972	-4.51617	-3.32388	7.39759	11.1042	-2.04853	
6.42659	-1.37386	0.120272	-6.39375	7.68752	-4.49348	-3.33142	7.41815	11.0919	-2.06323	
6.42354	-1.37347	0.120721	-6.39381	7.65962	-4.51234	-3.34573	7.43796	11.0804	-2.07637	
6.42494	-1.37319	0.121078	-6.39429	7.65418	-4.52242	-3.35753	7.46762	11.0689	-2.08948	
6.4312	-1.37241	0.121936	-6.39434	7.67097	-4.53432	-3.38579	7.53765	11.0565	-2.10343	
6.43168	-1.37207	0.122316	-6.39437	7.77483	-4.50259	-3.39859	7.58483	11.0398	-2.12196	
6.43229	-1.37186	0.122565	-6.39458	7.81673	-4.49033	-3.40727	7.61419	11.0345	-2.12892	
6.43828	-1.37154	0.122923	-6.39474	7.69899	-4.54543	-3.41974	7.64329	11.0349	-2.12983	
6.44181	-1.3713	0.123195	-6.39496	7.83694	-4.49342	-3.42928	7.67587	11.0214	-2.14438	
6.44258	-1.37118	0.123343	-6.39524	7.64678	-4.57507	-3.43462	7.74563	11.0204	-2.14633	
6.4451	-1.37133	0.123225	-6.39583	7.61206	-4.58674	-3.4306	7.81438	11.0129	-2.15483	
6.44404	-1.3709	0.123735	-6.3959	7.40929	-4.67113	-3.44862	7.85399	11.0102	-2.15858	
6.4744	-1.37052	0.123897	-6.39593	7.63811	-4.5924	-3.45441	7.97739	10.9933	-2.1768	
6.48955	-1.37046	0.123832	-6.39622	7.54928	-4.62559	-3.45214	8.09316	10.9652	-2.2062	
6.47105	-1.37062	0.123833	-6.39644	7.37031	-4.68792	-3.45225	8.11322	10.9435	-2.22899	
6.45341	-1.37022	0.124511	-6.39666	7.614	-4.61717	-3.47687	8.1297	10.9246	-2.24917	
6.4624	-1.36918	0.125649	-6.39674	7.61797	-4.642	-3.51958	8.18064	10.913	-2.26208	
6.49472	-1.36833	0.126346	-6.39721	7.71269	-4.61994	-3.54689	8.22294	10.9008	-2.27564	
6.46259	-1.36776	0.127343	-6.39729	7.35144	-4.78681	-3.58703	8.24451	10.9102	-2.26777	
6.46284	-1.36621	0.129098	-6.39733	7.3099	-4.85257	-3.6619	8.27213	10.9097	-2.27036	
6.46542	-1.3648	0.130677	-6.39736	7.32767	-4.89186	-3.73449	8.32128	10.9072	-2.27484	
6.47801	-1.36349	0.132114	-6.3974	7.31042	-4.94305	-3.80562	8.42255	10.905	-2.27893	
6.47589	-1.36256	0.133163	-6.39755	7.29547	-4.98585	-3.86109	8.47562	10.8986	-2.28785	
6.47785	-1.36164	0.134204	-6.39772	7.26857	-5.03292	-3.91944	8.52311	10.8934	-2.29577	
6.48649	-1.36099	0.134936	-6.39809	7.31977	-5.03668	-3.9628	8.56045	10.8859	-2.30557	
6.49422	-1.36095	0.135049	-6.39904	7.29441	-5.05221	-3.9702	8.58604	10.8739	-2.31981	
6.49742	-1.36205	0.133963	-6.40059	7.27689	-5.02367	-3.90745	8.60709	10.8707	-2.32492	
6.49504	-1.36364	0.132399	-6.40267	7.13844	-5.02545	-3.82363	8.62753	10.8734	-2.32421	
6.49787	-1.36644	0.129573	-6.40611	7.17886	-4.92299	-3.68813	8.63953	10.8716	-2.32805	
6.49536	-1.37153	0.124422	-6.41203	7.31355	-4.73784	-3.48152	8.63958	10.8666	-2.33446	
6.492	-1.3742	0.121718	-6.41558	7.16855	-4.71392	-3.389	8.65197	10.8695	-2.33287	
6.50136	-1.37684	0.119051	-6.41907	6.96369	-4.70064	-3.30597	8.6424	10.8728	-2.33093	
6.49886	-1.38777	0.107989	-6.43109	6.84729	-4.4871	-3.01785	8.62216	10.8639	-2.34039	
6.48766	-1.39545	0.100305	-6.44019	7.25113	-4.28651	-2.85986	8.61093	10.8439	-2.36064	
6.48253	-1.39734	0.0984921	-6.44316	7.29587	-4.2515	-2.82652	8.62446	10.8313	-2.37372	
6.4956	-1.39741	0.0984761	-6.4444	7.23979	-4.26184	-2.82657	8.6276	10.8218	-2.3838	
6.48651	-1.39753	0.0984591	-6.44559	7.20847	-4.26752	-2.82671	8.61693	10.8111	-2.39502	
6.48796	-1.3967	0.0994072	-6.44582	7.18664	-4.28633	-2.84465	8.62857	10.7975	-2.40945	
6.49319	-1.39603	0.100178	-6.44625	7.14186	-4.3067	-2.8596	8.64968	10.7853	-2.42271	
6.48716	-1.39507	0.101316	-6.44644	7.00978	-4.34713	-2.88189	8.64898	10.7759	-2.43314	
6.48763	-1.39411	0.102397	-6.44648	6.93257	-4.37817	-2.9035	8.63759	10.7623	-2.4487	
6.48603	-1.39321	0.103423	-6.44666	7.11413	-4.3664	-2.92453	8.62281	10.7353	-2.47733	
6.48982	-1.3922	0.104568	-6.44684	7.00574	-4.40627	-2.94853	8.60504	10.7367	-2.47854	
6.49092	-1.3912	0.105703	-6.447	7.11239	-4.40837	-2.97295	8.58684	10.7339	-2.48423	
6.49469	-1.39022	0.106803	-6.44717	7.25461	-4.40049	-2.99721	8.57679	10.7282	-2.49277	
6.48699	-1.38924	0.107937	-6.44727	6.91474	-4.48448	-3.02287	8.55409	10.7362	-2.48785	
6.48764	-1.38845	0.108818	-6.4473	6.84036	-4.51564	-3.04325	8.51843	10.7327	-2.49585	
6.492	-1.38752	0.10985	-6.44735	6.80687	-4.54253	-3.06774	8.47621	10.7331	-2.50059	
6.49475	-1.38648	0.111013	-6.4474	6.89986	-4.5516	-3.09607	8.46417	10.7293	-2.50863	
6.49383	-1.3859	0.111681	-6.44745	6.92102	-4.5637	-3.11274	8.44073	10.7275	-2.51514	
6.50742	-1.38584	0.111773	-6.44809	6.91442	-4.56718	-3.11549	8.34728	10.72	-2.52711	
6.50589	-1.38547	0.112246	-6.44852	6.89715	-4.583	-3.12782	8.25732	10.7201	-2.53222	
6.50054	-1.38498	0.112824	-6.44877	6.81443	-4.6151	-3.14291	8.17976	10.7255	-2.53514	
6.50169	-1.38441	0.113475	-6.44893	6.69027	-4.64759	-3.16014	8.13184	10.7209	-2.54704	
6.50136	-1.38379	0.114183	-6.44901	6.75669	-4.65476	-3.1791	8.0896	10.7126	-2.56258	
6.50111	-1.38315	0.114904	-6.44908	6.9537	-4.63994	-3.19882	8.03762	10.7018	-2.5814	
6.49897	-1.38248	0.115676	-6.44921	6.88176	-4.66725	-3.22048	7.97576	10.6989	-2.58933	
6.50227	-1.38068	0.117698	-6.44936	6.74057	-4.74661	-3.27926	7.91565	10.6914	-2.60484	
6.50815	-1.37858	0.120038	-6.44952	6.92429	-4.77477	-3.35209	7.85292	10.6709	-2.63383	
6.51073	-1.37681	0.122002	-6.44952	6.82494	-4.85162	-3.41751	7.7625	10.6592	-2.65516	
6.51632	-1.37522	0.123772	-6.44961	6.80317	-4.90615	-3.48063	7.67187	10.6441	-2.67846	
6.51396	-1.37487	0.124184	-6.44966	6.65846	-4.94888	-3.49595	7.58012	10.6358	-2.69565	
6.51605	-1.37436	0.124744	-6.44971	6.60149	-4.97772	-3.51715	7.55024	10.6275	-2.71304	
6.51596	-1.37384	0.125335	-6.44971	6.47575	-5.01415	-3.53997	7.63777	10.605	-2.74141	
6.52287	-1.37332	0.125919	-6.44971	6.44403	-5.04098	-3.56304	7.73944	10.586	-2.7674	
6.52113	-1.37298	0.126304	-6.44974	6.4132	-5.06026	-3.57861	7.85052	10.5655	-2.79488	
6.52595	-1.37032	0.129243	-6.44974	6.47082	-5.16152	-3.70603	7.86648	10.5416	-2.82676	
6.52858	-1.36976	0.129872	-6.44974	6.46997	-5.18254	-3.7356	7.89413	10.529	-2.84551	
6.53241	-1.36916	0.130524	-6.44974	6.50082	-5.20227	-3.76724	7.90744	10.5136	-2.86637	
6.53886	-1.36662	0.13333	-6.44977	6.48871	-5.3265	-3.91639	7.94189	10.4982	-2.88712	
6.54293	-1.36542	0.134648	-6.44984	6.64372	-5.35459	-3.99522	7.93552	10.4848	-2.90706	
6.55213	-1.36432	0.135847	-6.44994	6.7244	-5.39028	-4.07288	7.95907	10.4704	-2.92696	
6.5577	-1.36325	0.137023	-6.45003	6.74577	-5.44466	-4.15556	7.97558	10.4625	-2.94015	
6.56397	-1.36228	0.138078	-6.45013	6.68224	-5.52101	-4.2361	8.00867	10.4574	-2.95066	
6.56747	-1.36144	0.139	-6.45024	6.55038	-5.6156	-4.31223	8.0157	10.4552	-2.95821	
6.57367	-1.36066	0.139849	-6.45036	6.64773	-5.64681	-4.38809	8.03509	10.4573	-2.96307	
6.57624	-1.36007	0.140494	-6.45059	6.36753	-5.77773	-4.44989	8.05588	10.4678	-2.95994	
6.58079	-1.35958	0.141043	-6.45089	6.36665	-5.82044	-4.50565	8.0722	10.4732	-2.96198	
6.58405	-1.35971	0.140925	-6.45125	6.23558	-5.84488	-4.49371	8.05761	10.4738	-2.9681	
6.58396	-1.35987	0.140779	-6.45165	6.44924	-5.77689	-4.47905	8.05778	10.4682	-2.98027	
6.58261	-1.36004	0.140622	-6.45206	6.60001	-5.72143	-4.46394	8.07127	10.4614	-2.99357	
6.58223	-1.3605	0.140169	-6.45279	6.49107	-5.7259	-4.4208	8.09162	10.4607	-3.00075	
6.58345	-1.36195	0.138718	-6.45452	6.54266	-5.62058	-4.29348	8.0766	10.4547	-3.01327	
6.58477	-1.36322	0.137445	-6.45625	6.54325	-5.54381	-4.19366	8.07375	10.4483	-3.0248	
6.58508	-1.36444	0.136229	-6.45787	6.54485	-5.47696	-4.10725	8.08667	10.4404	-3.037	
6.58438	-1.36645	0.134219	-6.46039	6.37272	-5.41388	-3.97966	8.06219	10.4395	-3.04312	
6.5842	-1.36669	0.134003	-6.46113	6.35339	-5.40782	-3.96728	8.05221	10.4355	-3.05252	
6.58651	-1.36674	0.133983	-6.46169	6.29702	-5.41873	-3.9666	8.03387	10.438	-3.05614	
6.58636	-1.36622	0.13457	-6.46214	6.30302	-5.44881	-4.00315	8.01373	10.442	-3.05844	
6.58695	-1.36589	0.134944	-6.46229	6.20828	-5.48808	-4.02704	7.98195	10.447	-3.05966	
6.58954	-1.3656	0.135265	-6.46244	6.50488	-5.45208	-4.04801	7.94885	10.4459	-3.06693	
6.59729	-1.36322	0.137827	-6.46255	6.73688	-5.5376	-4.23231	7.95103	10.4459	-3.07419	
6.60752	-1.36136	0.139812	-6.46283	6.52049	-5.7223	-4.40348	7.93064	10.4524	-3.07444	
6.6099	-1.36181	0.13938	-6.46409	6.53244	-5.69019	-4.36479	7.90078	10.4549	-3.07883	
6.61138	-1.36468	0.136446	-6.46793	6.48543	-5.52434	-4.13293	7.90314	10.4586	-3.08133	
6.60752	-1.37148	0.129365	-6.4765	6.24513	-5.22487	-3.73118	7.92862	10.4657	-3.07919	
6.59862	-1.38328	0.117199	-6.49113	6.22183	-4.83067	-3.28983	7.94369	10.469	-3.07948	
6.59017	-1.39072	0.109257	-6.50226	6.19235	-4.6449	-3.08552	7.94019	10.4776	-3.0777	
6.58915	-1.39154	0.108147	-6.50593	6.06006	-4.63095	-3.06236	7.9395	10.4871	-3.07631	
6.58491	-1.39837	0.101093	-6.5144	6.14841	-4.48897	-2.91588	7.94328	10.497	-3.07544	
6.58975	-1.3994	0.0998295	-6.51711	6.02948	-4.47137	-2.8933	7.94632	10.5079	-3.07238	
6.5924	-1.39925	0.0999175	-6.51844	6.29321	-4.46067	-2.89649	7.94443	10.5123	-3.07644	
6.59141	-1.39927	0.0999461	-6.51991	6.32845	-4.46148	-2.8988	7.94713	10.5205	-3.07689	
6.59034	-1.40019	0.0990413	-6.52225	6.22801	-4.45222	-2.88349	7.95298	10.5311	-3.07518	
6.59179	-1.39854	0.100731	-6.52352	6.21437	-4.48528	-2.91888	7.96472	10.5401	-3.07404	
6.59908	-1.3963	0.102988	-6.52417	5.93087	-4.54358	-2.96697	8.01755	10.5523	-3.06967	
6.60595	-1.39415	0.105144	-6.52475	5.89629	-4.58941	-3.01512	7.99961	10.5607	-3.0684	
6.60631	-1.39372	0.10563	-6.52534	5.89365	-4.60231	-3.02663	7.9455	10.5686	-3.06884	
6.60907	-1.39219	0.107343	-6.52617	6.40889	-4.61247	-3.0673	7.91389	10.5719	-3.07526	
6.61141	-1.39012	0.109632	-6.52671	6.41301	-4.6653	-3.1243	7.88386	10.5805	-3.07575	
6.61163	-1.38931	0.110574	-6.5274	6.66604	-4.66687	-3.14929	7.86469	10.5848	-3.0807	
6.61502	-1.38837	0.111604	-6.52777	6.7683	-4.68203	-3.17693	7.82384	10.5908	-3.08366	
6.61513	-1.38778	0.112289	-6.52815	6.54508	-4.72249	-3.19591	7.76647	10.6037	-3.07967	
6.6133	-1.38738	0.112771	-6.52868	6.53053	-4.73745	-3.20977	7.75464	10.6116	-3.08011	
6.61437	-1.38671	0.1135	-6.52874	6.72007	-4.74334	-3.23024	7.7414	10.62	-3.0831	
6.61645	-1.38579	0.1145	-6.52875	6.81017	-4.75991	-3.25903	7.69581	10.63	-3.08523	
6.61624	-1.38487	0.115508	-6.52876	6.46124	-4.82347	-3.28889	7.64391	10.6483	-3.07889	
6.62166	-1.38355	0.116945	-6.52887	6.19619	-4.88159	-3.33329	7.57063	10.6596	-3.0762	
6.6231	-1.38261	0.117976	-6.52905	6.16808	-4.91624	-3.36659	7.51865	10.6678	-3.07661	
6.62711	-1.38175	0.118929	-6.52924	6.5542	-4.91424	-3.39841	7.52197	10.671	-3.08286	
6.62739	-1.38123	0.119543	-6.52991	6.25214	-4.96066	-3.42008	7.53523	10.6827	-3.07983	
6.62899	-1.38085	0.119987	-6.53047	6.26907	-4.97451	-3.43597	7.52877	10.69	-3.08099	
6.62771	-1.38052	0.120374	-6.53106	6.4374	-4.97574	-3.45018	7.53537	10.6964	-3.08345	
6.63158	-1.3803	0.120647	-6.53176	6.38318	-4.99156	-3.46055	7.52437	10.7056	-3.08308	
6.62968	-1.38028	0.120712	-6.53265	6.40507	-4.99267	-3.4637	7.49348	10.7139	-3.08376	
6.63264	-1.38054	0.120464	-6.53392	6.42795	-4.9832	-3.45605	7.48605	10.7203	-3.08512	
6.63305	-1.38139	0.119617	-6.53568	6.37397	-4.96013	-3.4279	7.46411	10.726	-3.08544	
6.63166	-1.38225	0.118765	-6.5375	6.133	-4.95217	-3.40043	7.46348	10.7325	-3.08388	
6.63361	-1.3832	0.117798	-6.53937	6.13579	-4.92425	-3.37048	7.50591	10.7364	-3.08474	
6.63419	-1.38462	0.116331	-6.54178	6.09763	-4.88415	-3.32652	7.52348	10.7408	-3.08502	
6.63319	-1.38638	0.114463	-6.54465	6.08052	-4.83538	-3.27316	7.51257	10.7482	-3.0841	
6.63406	-1.38738	0.113463	-6.54623	6.07621	-4.81015	-3.24602	7.53217	10.7537	-3.08452	
6.63457	-1.38757	0.113299	-6.54701	6.09983	-4.8071	-3.24232	7.55625	10.76	-3.08521	
6.63212	-1.38715	0.113764	-6.54718	6.16626	-4.81781	-3.256	7.58132	10.766	-3.08662	
6.63246	-1.38729	0.113653	-6.54798	6.33239	-4.80778	-3.25388	7.60677	10.7709	-3.08915	
6.63215	-1.38789	0.113088	-6.54924	6.34974	-4.79364	-3.23933	7.62354	10.7767	-3.09086	
6.63344	-1.38757	0.113445	-6.54948	6.33833	-4.80492	-3.24989	7.64832	10.7824	-3.09273	
6.63491	-1.38719	0.113875	-6.54965	7.00134	-4.7577	-3.26263	7.68302	10.776	-3.10688	
6.6336	-1.38666	0.114453	-6.54969	6.98944	-4.77993	-3.27978	7.7449	10.784	-3.10813	
6.63713	-1.38607	0.115091	-6.54973	6.28674	-4.86098	-3.29902	7.75896	10.8035	-3.0989	
6.64436	-1.38312	0.11832	-6.54973	6.21015	-4.96277	-3.4025	7.80508	10.8119	-3.0999	
